1000
6 37 91
28 71 290
57 95 28
63 66 234
65 107 185
74 77 17
101 106 11
114 138 20
128 131 280
156 195 291
184 218 80
213 222 230
237 249 64
251 262 155
255 273 207
281 331 55
296 297 200
301 321 64
314 339 94
330 351 250
330 336 205
345 372 144
348 355 65
359 390 264
383 421 23
402 429 223
427 435 122
433 480 31
457 499 202
459 488 137
488 514 280
507 521 61
512 556 293
529 571 4
534 542 155
547 586 90
559 607 160
587 598 230
611 643 105
631 667 204
643 655 230
664 696 261
668 687 190
690 720 162
710 735 101
711 738 17
721 764 59
746 754 238
774 779 180
793 797 145
819 830 173
828 859 122
848 854 136
876 909 151
890 901 216
916 920 276
944 955 72
973 1012 181
974 1010 97
991 1010 102
1002 1032 70
1007 1014 42
1019 1042 55
1027 1063 21
1037 1073 153
1045 1084 128
1054 1074 110
1077 1115 121
1085 1123 200
1105 1151 134
1135 1148 100
1144 1149 177
1159 1190 78
1181 1205 111
1191 1194 182
1194 1241 142
1200 1234 221
1200 1240 156
1227 1249 210
1252 1269 105
1258 1301 80
1261 1300 138
1273 1312 172
1295 1336 62
1310 1312 175
1340 1347 245
1342 1353 273
1351 1390 232
1357 1400 129
1366 1382 164
1386 1422 151
1413 1441 260
1433 1475 256
1459 1507 54
1470 1479 32
1500 1501 101
1526 1562 160
1537 1580 291
1542 1581 23
1554 1571 192
1578 1594 38
1605 1608 286
1615 1648 173
1638 1660 134
1643 1678 159
1652 1677 186
1664 1710 223
1694 1738 239
1697 1706 211
1721 1744 243
1742 1776 206
1756 1785 253
1773 1805 268
1777 1804 142
1778 1827 252
1795 1830 152
1796 1801 48
1811 1829 208
1815 1846 107
1816 1827 142
1843 1888 216
1872 1873 239
1899 1938 248
1925 1947 290
1946 1961 279
1948 1977 206
1977 2003 7
1983 2006 244
2002 2007 56
2023 2051 128
2033 2076 131
2047 2080 212
2062 2100 111
2073 2113 116
2102 2107 8
2131 2136 273
2160 2202 38
2184 2205 168
2207 2223 32
2210 2247 220
2236 2242 65
2244 2245 116
2261 2306 54
2268 2300 228
2272 2306 205
2293 2339 42
2298 2303 256
2313 2335 77
2328 2347 237
2345 2362 235
2368 2415 129
2384 2387 6
2391 2414 59
2402 2425 174
2426 2451 120
2442 2475 98
2459 2504 55
2479 2510 66
2485 2503 220
2485 2530 241
2499 2529 13
2514 2538 134
2529 2575 16
2556 2561 249
2576 2624 242
2594 2630 270
2604 2639 295
2619 2631 2
2638 2665 163
2656 2667 187
2683 2722 69
2686 2722 1
2688 2713 193
2715 2749 233
2720 2760 166
2728 2771 160
2733 2745 102
2745 2755 7
2763 2770 78
2765 2785 143
2765 2793 190
2770 2776 192
2779 2791 44
2779 2824 13
2786 2825 298
2799 2801 26
2827 2863 46
2856 2890 217
2884 2891 37
2894 2916 22
2905 2914 110
2926 2933 178
2944 2986 234
2968 2985 101
2988 3015 13
2998 3019 160
3023 3070 145
3033 3040 37
3059 3095 187
3070 3097 93
3078 3098 237
3097 3137 88
3125 3131 228
3132 3169 57
3147 3197 85
3148 3193 210
3148 3185 110
3168 3175 176
3175 3197 20
3196 3200 38
3222 3241 282
3249 3265 76
3260 3289 116
3262 3296 187
3288 3327 249
3297 3301 18
3318 3338 236
3320 3368 223
3335 3354 72
3340 3376 75
3354 3381 83
3372 3422 150
3401 3450 108
3413 3457 174
3429 3457 15
3432 3475 223
3460 3476 36
3478 3493 200
3481 3521 125
3500 3507 257
3524 3561 49
3553 3570 116
3561 3600 194
3573 3595 193
3581 3612 182
3586 3600 107
3610 3658 280
3630 3640 34
3642 3685 198
3645 3688 68
3673 3715 236
3702 3704 248
3705 3707 90
3726 3743 135
3727 3746 199
3732 3766 20
3743 3758 238
3760 3802 95
3761 3808 141
3784 3814 170
3808 3819 251
3832 3865 93
3858 3866 10
3888 3914 95
3909 3942 268
3909 3944 98
3916 3925 94
3934 3946 266
3937 3966 276
3960 3978 148
3961 3973 97
3988 3990 81
3996 4024 252
3999 4032 69
4007 4021 4
4035 4074 63
4054 4079 187
4074 4096 38
4102 4114 298
4125 4146 78
4153 4172 115
4163 4180 240
4181 4200 181
4198 4237 104
4212 4252 27
4217 4260 295
4241 4272 252
4260 4301 230
4266 4289 101
4287 4289 191
4289 4307 37
4303 4335 144
4331 4380 217
4342 4387 244
4371 4415 62
4371 4406 69
4373 4402 130
4383 4407 164
4401 4439 63
4418 4426 65
4422 4450 137
4436 4481 154
4458 4462 54
4479 4509 225
4502 4508 154
4526 4530 156
4540 4547 65
4540 4546 74
4559 4566 221
4566 4580 133
4571 4584 123
4585 4601 228
4612 4641 269
4631 4673 114
4631 4658 141
4633 4649 174
4648 4680 210
4667 4681 185
4677 4701 86
4687 4706 141
4699 4724 168
4724 4727 289
4743 4773 191
4757 4803 54
4771 4798 54
4794 4797 134
4799 4804 111
4806 4824 39
4808 4832 17
4813 4851 21
4824 4866 101
4839 4862 152
4852 4874 155
4879 4901 164
4887 4891 74
4909 4933 67
4923 4931 193
4940 4958 10
4968 5000 234
4980 5021 259
5002 5012 258
5026 5058 230
5053 5095 116
5056 5090 59
5071 5103 14
5092 5114 299
5098 5142 289
5114 5157 160
5115 5134 266
5131 5156 42
5135 5166 297
5154 5173 93
5168 5202 145
5191 5234 265
5205 5231 151
5215 5235 16
5222 5226 184
5233 5278 269
5243 5257 265
5269 5287 105
5284 5310 235
5288 5329 153
5298 5344 137
5301 5326 165
5311 5349 239
5332 5334 120
5357 5392 23
5358 5394 259
5367 5372 235
5371 5410 275
5395 5398 298
5403 5428 13
5429 5478 31
5439 5458 98
5444 5451 73
5466 5479 147
5491 5540 79
5506 5536 16
5507 5523 63
5510 5528 17
5537 5569 296
5557 5590 176
5572 5612 284
5574 5594 263
5599 5613 231
5614 5625 192
5632 5647 138
5648 5670 45
5653 5662 42
5661 5679 42
5683 5718 150
5695 5716 221
5720 5751 180
5735 5748 205
5755 5775 255
5774 5817 26
5789 5792 97
5796 5830 195
5821 5822 67
5825 5874 52
5841 5842 49
5856 5886 86
5859 5886 295
5885 5925 90
5885 5889 77
5893 5922 14
5911 5921 113
5930 5955 95
5938 5978 271
5958 5992 214
5969 6016 144
5990 6009 11
6013 6043 99
6032 6045 296
6039 6078 194
6050 6096 232
6061 6101 159
6086 6109 243
6106 6137 156
6118 6126 171
6136 6150 28
6157 6193 184
6161 6201 66
6161 6164 14
6189 6222 296
6192 6217 71
6192 6203 76
6208 6257 52
6221 6241 241
6250 6268 183
6280 6298 20
6280 6326 269
6294 6311 188
6311 6314 153
6312 6354 216
6324 6336 245
6347 6375 31
6363 6408 56
6372 6394 54
6395 6408 151
6396 6410 295
6414 6430 21
6415 6448 195
6430 6458 281
6441 6481 136
6463 6499 120
6472 6491 73
6496 6499 203
6509 6545 283
6513 6527 234
6519 6533 6
6522 6562 228
6528 6537 197
6556 6600 238
6563 6574 138
6582 6604 177
6599 6649 147
6599 6617 262
6622 6672 71
6632 6636 234
6639 6661 43
6653 6699 117
6669 6676 249
6669 6685 156
6679 6703 31
6703 6707 45
6710 6716 271
6714 6735 134
6720 6746 287
6723 6748 288
6726 6740 3
6747 6788 33
6747 6756 139
6762 6803 254
6769 6795 241
6786 6820 192
6794 6825 232
6822 6865 55
6843 6845 1
6860 6870 261
6890 6922 85
6914 6947 143
6941 6964 134
6956 6957 139
6983 6988 234
6990 7030 248
7019 7033 225
7038 7078 152
7054 7103 118
7075 7110 186
7092 7133 152
7092 7114 126
7098 7139 194
7098 7113 274
7104 7110 237
7120 7143 163
7121 7133 98
7144 7161 131
7153 7175 19
7164 7183 27
7187 7209 116
7196 7197 104
7196 7227 119
7221 7249 105
7251 7252 195
7257 7259 132
7286 7287 38
7299 7326 85
7311 7353 159
7321 7347 41
7327 7375 69
7329 7366 220
7357 7388 80
7378 7416 220
7403 7433 4
7416 7421 79
7446 7460 237
7458 7467 2
7483 7532 128
7500 7538 297
7521 7524 99
7526 7537 90
7550 7589 78
7551 7571 130
7577 7596 151
7587 7598 47
7610 7615 124
7628 7656 198
7643 7644 26
7646 7691 255
7650 7700 193
7676 7715 100
7704 7748 287
7725 7746 40
7726 7767 240
7733 7738 39
7758 7780 261
7760 7780 201
7774 7802 88
7787 7807 153
7801 7830 251
7829 7836 132
7845 7861 180
7860 7865 16
7882 7910 299
7882 7927 295
7895 7934 275
7924 7927 135
7954 7984 195
7980 8024 25
7991 8016 137
8015 8044 35
8017 8038 277
8039 8041 106
8067 8077 163
8093 8105 179
8113 8161 300
8132 8138 90
8157 8205 198
8166 8182 284
8188 8202 53
8211 8247 256
8235 8278 260
8261 8280 63
8282 8321 1
8299 8305 259
8309 8350 11
8312 8352 189
8322 8323 72
8349 8361 225
8363 8394 52
8366 8380 254
8388 8435 8
8416 8441 176
8428 8430 150
8450 8466 163
8460 8491 208
8465 8515 287
8474 8506 265
8503 8532 281
8530 8554 271
8542 8570 156
8547 8594 53
8554 8581 186
8576 8597 230
8603 8604 299
8622 8669 281
8630 8642 13
8646 8654 19
8647 8672 72
8675 8714 221
8683 8715 293
8685 8710 27
8695 8714 253
8699 8715 297
8728 8773 98
8752 8783 102
8753 8794 228
8758 8766 144
8780 8813 224
8806 8824 47
8819 8844 298
8847 8874 295
8874 8901 103
8879 8893 254
8898 8945 269
8910 8934 82
8924 8948 85
8941 8943 33
8956 9006 207
8967 9013 281
8969 8984 163
8982 8983 231
8989 9014 169
8997 9031 46
9007 9027 194
9035 9067 154
9043 9093 131
9053 9078 112
9066 9087 158
9082 9097 188
9098 9143 57
9108 9132 154
9135 9182 124
9154 9167 297
9167 9201 214
9178 9202 223
9192 9237 151
9193 9231 5
9198 9209 30
9204 9246 278
9233 9260 130
9235 9280 59
9248 9263 109
9257 9262 2
9283 9299 149
9290 9322 177
9300 9310 118
9327 9367 256
9342 9364 187
9371 9384 174
9396 9437 46
9420 9457 108
9426 9466 103
9450 9455 80
9453 9458 139
9464 9476 139
9471 9479 207
9489 9492 39
9517 9537 204
9537 9564 63
9543 9590 150
9566 9579 37
9592 9604 117
9611 9614 30
9618 9627 76
9624 9630 145
9630 9666 25
9643 9678 277
9659 9698 293
9659 9675 22
9675 9696 71
9693 9718 185
9702 9732 153
9729 9770 96
9737 9762 288
9765 9813 159
9786 9809 131
9800 9839 86
9801 9832 275
9826 9843 240
9850 9873 158
9869 9887 104
9888 9895 100
9897 9912 124
9914 9923 217
9942 9961 91
9956 9987 225
9966 9990 272
9974 9992 276
9984 10032 1
10006 10021 16
10033 10079 39
10039 10042 8
10061 10105 291
10091 10111 209
10112 10135 167
10126 10145 276
10145 10155 267
10165 10187 110
10185 10212 291
10209 10256 285
10212 10256 287
10218 10249 160
10247 10265 136
10275 10284 232
10299 10337 89
10328 10350 98
10353 10395 120
10365 10381 111
10383 10426 240
10393 10418 159
10401 10414 218
10416 10452 181
10442 10476 149
10460 10493 227
10472 10489 148
10481 10525 113
10501 10541 220
10513 10516 69
10529 10565 144
10530 10561 60
10534 10555 43
10542 10569 152
10570 10602 105
10591 10624 27
10616 10621 299
10620 10639 160
10648 10677 132
10657 10688 106
10665 10693 109
10669 10697 127
10689 10716 99
10697 10698 6
10711 10735 68
10735 10780 138
10746 10769 68
10755 10779 217
10770 10791 100
10772 10779 280
10780 10830 63
10791 10810 172
10816 10829 281
10846 10879 17
10846 10856 69
10853 10870 207
10854 10868 251
10855 10887 112
10874 10922 138
10896 10926 242
10910 10931 218
10919 10925 209
10940 10968 168
10958 10970 262
10987 11026 248
11000 11017 67
11008 11014 284
11016 11055 244
11031 11078 22
11041 11056 116
11043 11069 218
11048 11060 258
11050 11084 136
11076 11097 32
11076 11102 41
11088 11126 250
11095 11123 228
11119 11123 147
11137 11149 134
11149 11164 203
11172 11208 250
11200 11244 152
11229 11273 286
11252 11260 244
11263 11272 178
11275 11304 252
11285 11300 72
11291 11303 277
11300 11341 206
11309 11342 265
11317 11323 95
11325 11361 149
11351 11352 226
11362 11379 121
11368 11393 230
11395 11428 208
11419 11454 35
11441 11459 218
11464 11467 115
11488 11518 203
11490 11528 27
11509 11519 124
11530 11539 73
11542 11558 52
11554 11591 111
11560 11590 135
11572 11606 295
11574 11599 40
11576 11596 105
11592 11615 53
11605 11638 64
11623 11653 101
11630 11637 72
11639 11682 57
11639 11654 76
11642 11660 105
11642 11659 211
11648 11676 71
11650 11651 204
11659 11674 271
11667 11671 196
11697 11722 217
11699 11720 58
11719 11757 288
11732 11750 215
11744 11752 7
11755 11790 271
11772 11782 172
11785 11825 136
11798 11813 181
11818 11834 264
11829 11842 109
11854 11866 223
11877 11900 2
11902 11923 178
11914 11927 104
11931 11976 135
11940 11944 108
11945 11956 20
11955 11968 15
11984 11988 58
11990 11991 124
12014 12027 275
12017 12041 269
12031 12046 154
12053 12076 18
12070 12071 260
12075 12119 29
12081 12113 13
12089 12102 279
12096 12136 245
12100 12144 122
12115 12153 89
12141 12168 203
12171 12188 100
12173 12193 209
12203 12215 259
12208 12233 168
12220 12269 8
12223 12224 272
12248 12259 293
12260 12289 61
12267 12291 35
12267 12303 251
12286 12298 217
12296 12297 30
12317 12351 264
12341 12370 6
12370 12385 272
12376 12417 269
12400 12410 121
12410 12412 79
12432 12454 96
12450 12460 239
12480 12525 218
12491 12495 299
12498 12510 163
12515 12554 36
12515 12535 240
12534 12536 264
12535 12547 143
12562 12577 195
12564 12582 201
12579 12587 244
12597 12598 289
12618 12651 248
12634 12655 237
12647 12679 92
12665 12713 260
12678 12719 60
12707 12749 112
12711 12743 105
12737 12750 104
12737 12784 75
12750 12758 247
12774 12801 139
12778 12818 176
12785 12808 249
12814 12837 186
12842 12861 131
12852 12861 88
12857 12891 158
12882 12914 176
12894 12898 96
12916 12933 150
12931 12952 260
12944 12952 50
12949 12957 275
12977 13027 232
13000 13041 277
13028 13067 41
13031 13075 240
13034 13073 275
13039 13067 3
13069 13103 85
13081 13129 21
13111 13139 299
13119 13140 265
13144 13194 24
13170 13212 118
13189 13226 185
13204 13213 86
13224 13272 102
13247 13250 184
13264 13303 207
13290 13324 19
13310 13311 135
13339 13352 261
13358 13405 2
13382 13386 8
13397 13407 247
13408 13451 203
13417 13440 69
13433 13459 253
13440 13442 292
13458 13467 156
13460 13498 156
13472 13505 49
13481 13490 31
13500 13505 281
13524 13539 286
13528 13536 12
13534 13556 60
13537 13558 235
13567 13581 290
13581 13611 77
13585 13604 278
13592 13614 124
13621 13633 15
13626 13652 129
13638 13640 106
13668 13704 113
13688 13737 149
13690 13723 83
13693 13734 103
13704 13708 147
13712 13748 85
13727 13746 282
13757 13804 107
13777 13799 228
13792 13813 260
13807 13851 81
13836 13842 50
13855 13901 215
13882 13929 298
13898 13906 196
13915 13942 97
13936 13983 136
13944 13956 253
13960 14010 69
13962 14005 149
13976 14010 26
13994 14011 110
14014 14057 195
14028 14039 156
14046 14096 22
14067 14071 81
14068 14077 256
14092 14109 191
14097 14114 139
14116 14123 202
14130 14144 222
14140 14160 61
14155 14204 108
14160 14196 277
14162 14177 188
14175 14225 20
14188 14218 224
14191 14205 6
14221 14225 26
14245 14286 69
14255 14284 66
14280 14287 220
14293 14324 75
14310 14350 19
14321 14359 81
14347 14374 300
14354 14383 210
14363 14407 226
14374 14408 81
14400 14426 229
14404 14426 98
14421 14448 39
14448 14474 3
14461 14495 278
14478 14528 270
14483 14518 224
14513 14544 88
14528 14553 28
14549 14582 263
14566 14579 195
14585 14598 238
14590 14596 139
14615 14659 183
14628 14670 82
14658 14691 291
14664 14669 80
14690 14720 39
14693 14732 260
14703 14742 10
14727 14761 167
14737 14764 201
14759 14808 136
14765 14805 274
14787 14817 192
14789 14807 193
14802 14847 248
14802 14810 192
14828 14849 151
14838 14856 45
