1000
7 24 106
12 40 173
33 63 218
62 71 150
66 71 31
81 101 116
104 121 141
116 124 202
134 166 109
142 148 5
165 172 89
173 190 133
189 196 25
205 214 295
224 248 112
243 288 82
247 255 127
253 286 97
273 285 22
294 307 128
319 344 222
338 363 213
359 369 82
371 372 212
372 422 264
402 409 126
410 446 137
427 456 116
450 486 200
471 488 128
473 479 290
482 502 149
492 523 145
498 542 40
498 518 172
507 548 297
531 536 209
539 585 193
550 556 95
571 591 35
582 621 229
591 607 107
615 619 215
622 666 81
652 694 193
657 670 62
679 721 58
689 715 101
702 749 213
714 748 36
723 732 82
753 773 87
757 792 147
774 776 300
782 793 107
794 822 126
810 848 257
825 849 54
831 851 189
851 864 22
880 902 185
886 933 51
899 929 234
923 946 81
927 948 174
932 953 137
942 984 61
972 1014 83
1002 1036 71
1021 1068 105
1038 1053 203
1041 1069 53
1061 1064 27
1065 1111 11
1087 1105 77
1106 1132 221
1123 1135 236
1124 1154 298
1129 1163 194
1157 1194 274
1176 1203 174
1181 1196 209
1203 1206 139
1219 1221 2
1226 1234 21
1252 1287 23
1261 1267 211
1270 1296 60
1270 1307 170
1296 1343 82
1307 1323 34
1312 1354 159
1328 1368 40
1352 1358 300
1378 1399 176
1378 1404 23
1402 1435 59
1424 1468 109
1452 1497 161
1467 1514 67
1474 1519 50
1496 1543 160
1511 1545 222
1541 1570 166
1559 1571 59
1588 1605 125
1590 1621 256
1599 1612 300
1603 1641 248
1613 1652 168
1616 1639 29
1642 1692 40
1642 1651 58
1656 1700 182
1668 1704 210
1676 1702 276
1699 1704 28
1712 1740 82
1718 1738 217
1740 1773 127
1768 1770 18
1772 1798 39
1793 1802 178
1804 1846 256
1811 1856 223
1836 1880 275
1856 1874 93
1875 1881 242
1883 1920 100
1904 1913 61
1923 1929 113
1939 1983 9
1966 1989 83
1981 1992 191
1985 2031 155
1997 2038 265
2001 2002 83
2006 2045 202
2008 2038 281
2025 2074 96
2048 2062 299
2067 2111 117
2069 2091 133
2078 2092 92
2100 2116 166
2119 2138 103
2143 2144 176
2145 2183 124
2151 2196 284
2164 2187 111
2173 2215 51
2192 2226 132
2220 2257 294
2243 2267 2
2261 2291 54
2267 2310 99
2287 2289 223
2310 2312 261
2326 2343 37
2349 2369 93
2352 2401 284
2353 2396 191
2376 2378 30
2403 2408 254
2416 2466 86
2427 2458 257
2429 2458 220
2437 2467 111
2442 2455 249
2450 2488 177
2453 2492 247
2455 2474 48
2480 2498 269
2487 2491 80
2504 2529 219
2526 2528 135
2537 2561 4
2541 2589 105
2546 2583 5
2549 2569 292
2575 2600 88
2585 2620 199
2599 2600 233
2621 2666 115
2643 2664 183
2666 2693 220
2673 2702 244
2682 2707 136
2707 2754 121
2712 2757 237
2725 2733 29
2754 2800 157
2761 2769 38
2787 2790 54
2802 2850 217
2815 2818 17
2844 2869 138
2846 2869 10
2871 2902 181
2894 2921 16
2897 2921 147
2920 2949 155
2940 2955 15
2965 2989 85
2987 3028 147
3004 3019 171
3018 3033 165
3019 3065 189
3034 3045 201
3038 3066 155
3065 3104 236
3093 3118 143
3101 3148 135
3109 3155 234
3130 3139 77
3154 3190 173
3170 3202 96
3174 3217 178
3198 3243 72
3208 3211 251
3214 3231 245
3232 3274 275
3258 3294 111
3265 3298 274
3282 3325 169
3302 3328 121
3330 3353 190
3332 3365 144
3356 3387 281
3375 3419 299
3394 3396 9
3422 3430 280
3443 3479 121
3450 3455 99
3466 3470 217
3490 3505 1
3495 3544 138
3499 3529 117
3526 3566 27
3536 3554 1
3546 3584 86
3562 3588 195
3585 3629 248
3587 3598 15
3612 3621 265
3624 3652 228
3639 3673 264
3657 3694 132
3670 3680 67
3694 3730 236
3699 3731 145
3729 3734 222
3743 3767 107
3747 3758 129
3770 3778 211
3784 3790 148
3785 3832 62
3793 3833 88
3803 3835 3
3813 3826 212
3819 3849 124
3829 3852 127
3834 3874 245
3864 3865 229
3877 3905 235
3892 3918 203
3916 3966 20
3939 3959 293
3967 3994 153
3972 4000 297
3992 4029 30
4021 4035 72
4037 4053 223
4039 4071 67
4041 4046 194
4071 4098 207
4081 4100 75
4082 4088 290
4110 4149 233
4130 4161 285
4158 4163 16
4178 4217 60
4193 4235 227
4198 4214 68
4198 4227 248
4205 4246 264
4215 4251 194
4220 4252 223
4225 4236 5
4247 4250 145
4264 4277 231
4275 4316 151
4299 4314 34
4309 4322 87
4322 4334 36
4340 4353 188
4342 4391 144
4351 4353 131
4364 4383 116
4394 4415 150
4404 4409 11
4420 4453 78
4449 4497 267
4460 4497 216
4462 4465 214
4484 4524 271
4506 4523 131
4513 4557 236
4531 4560 94
4533 4546 227
4547 4584 163
4576 4626 228
4576 4600 40
4587 4616 259
4606 4632 85
4633 4666 247
4635 4667 31
4641 4686 167
4641 4653 206
4657 4681 100
4663 4683 209
4668 4700 264
4668 4693 6
4678 4716 21
4692 4703 198
4700 4737 139
4717 4729 14
4741 4785 78
4762 4770 47
4779 4818 296
4798 4815 300
4799 4815 224
4801 4823 249
4805 4817 257
4817 4826 47
4824 4851 201
4854 4860 108
4870 4890 131
4877 4919 220
4896 4934 36
4908 4912 226
4922 4962 176
4950 4968 149
4958 4998 185
4973 4977 129
4992 5035 221
5017 5060 188
5021 5032 208
5031 5077 73
5034 5045 36
5056 5095 122
5064 5105 119
5082 5087 78
5111 5117 187
5138 5150 282
5141 5189 197
5160 5190 143
5183 5212 193
5207 5230 286
5216 5246 10
5234 5273 223
5258 5296 55
5281 5308 120
5288 5336 100
5315 5352 212
5324 5352 34
5327 5352 124
5331 5332 219
5350 5362 110
5354 5360 166
5360 5398 106
5372 5416 279
5377 5406 111
5395 5424 234
5412 5435 276
5439 5484 289
5444 5486 249
5469 5481 277
5498 5548 89
5505 5518 14
5510 5555 285
5529 5548 178
5536 5564 61
5545 5577 73
5554 5579 158
5561 5599 131
5585 5621 3
5588 5637 14
5614 5622 158
5638 5649 17
5650 5666 278
5671 5681 153
5674 5702 113
5682 5692 115
5687 5728 67
5690 5721 50
5698 5724 159
5713 5738 142
5740 5770 53
5747 5790 78
5770 5801 55
5798 5837 174
5817 5858 245
5820 5836 109
5838 5858 295
5840 5879 129
5845 5878 167
5858 5876 224
5877 5891 49
5907 5948 179
5919 5930 206
5943 5960 234
5973 5981 43
5990 6012 4
5999 6016 106
6008 6057 208
6035 6066 5
6048 6081 59
6071 6103 216
6101 6111 270
6125 6136 91
6155 6201 239
6166 6199 62
6174 6177 206
6204 6225 63
6212 6222 216
6224 6252 255
6247 6283 58
6275 6321 39
6299 6344 262
6299 6337 217
6310 6356 176
6325 6353 41
6342 6365 122
6363 6397 106
6375 6425 118
6392 6429 237
6407 6441 2
6434 6468 176
6438 6473 154
6447 6487 231
6459 6465 217
6472 6507 45
6472 6489 63
6487 6497 161
6492 6509 202
6503 6537 42
6521 6562 94
6530 6571 36
6538 6584 293
6561 6573 104
6582 6596 68
6612 6656 91
6641 6643 99
6665 6691 67
6667 6697 167
6679 6725 106
6688 6699 167
6690 6702 51
6707 6735 71
6724 6726 149
6742 6743 40
6749 6762 100
6751 6787 269
6767 6785 77
6777 6790 25
6789 6803 176
6801 6816 258
6830 6832 109
6842 6889 79
6851 6889 107
6851 6864 202
6876 6895 215
6896 6923 142
6917 6948 50
6935 6940 293
6937 6962 100
6958 6968 16
6962 6971 169
6986 6999 170
7005 7025 299
7009 7032 229
7021 7027 176
7024 7039 189
7027 7033 166
7053 7091 294
7077 7102 4
7081 7093 224
7092 7112 60
7120 7153 285
7141 7186 176
7147 7174 265
7175 7188 197
7195 7225 242
7225 7245 119
7253 7266 74
7276 7297 224
7289 7305 59
7306 7352 178
7336 7382 189
7336 7382 84
7356 7357 182
7368 7381 86
7396 7410 110
7404 7439 121
7408 7447 14
7417 7455 39
7435 7444 122
7464 7508 202
7483 7532 23
7488 7512 47
7489 7527 200
7513 7555 40
7519 7531 81
7541 7585 33
7566 7578 162
7584 7603 213
7591 7627 299
7601 7639 163
7606 7636 69
7608 7615 3
7631 7675 222
7661 7663 142
7676 7718 102
7700 7730 169
7717 7762 247
7741 7749 1
7768 7802 260
7778 7793 254
7784 7825 149
7812 7843 95
7822 7823 129
7830 7836 270
7853 7872 224
7866 7876 20
7889 7903 168
7911 7924 161
7912 7928 138
7922 7955 259
7922 7962 114
7922 7969 251
7950 7993 102
7950 7970 127
7954 8000 253
7959 7964 28
7970 7976 82
7997 8026 232
8023 8046 79
8052 8100 56
8069 8074 155
8085 8089 72
8113 8152 238
8129 8130 64
8137 8180 67
8164 8173 210
8183 8202 255
8213 8235 293
8221 8264 225
8239 8264 162
8258 8296 19
8284 8315 61
8304 8315 57
8310 8323 197
8329 8339 93
8346 8387 184
8372 8403 226
8387 8430 129
8401 8409 139
8409 8416 81
8435 8458 125
8436 8483 250
8458 8483 214
8465 8512 101
8470 8503 91
8471 8490 144
8485 8508 32
8485 8528 223
8506 8540 145
8519 8538 174
8534 8583 45
8543 8552 39
8553 8601 175
8563 8583 39
8588 8623 105
8611 8615 126
8612 8642 192
8640 8656 137
8654 8670 168
8654 8658 163
8682 8692 221
8691 8705 62
8711 8729 182
8731 8776 210
8732 8754 160
8745 8778 241
8750 8793 97
8753 8754 264
8755 8768 101
8756 8790 85
8778 8782 99
8808 8809 188
8834 8845 178
8837 8872 131
8850 8869 200
8871 8874 233
8886 8934 180
8894 8944 160
8913 8923 19
8927 8977 265
8945 8989 293
8949 8972 108
8960 9001 120
8960 8964 205
8965 9014 76
8985 9005 152
8992 8993 130
8999 9009 97
9005 9036 135
9029 9060 220
9056 9092 26
9056 9094 55
9083 9084 132
9103 9115 75
9106 9137 134
9125 9132 283
9128 9129 109
9152 9195 218
9170 9213 51
9184 9208 164
9211 9226 18
9219 9241 253
9249 9298 294
9249 9293 197
9270 9278 233
9290 9304 181
9305 9332 288
9310 9352 275
9316 9359 152
9330 9372 232
9360 9410 71
9366 9401 272
9376 9425 276
9376 9420 260
9405 9455 85
9411 9433 70
9427 9443 214
9451 9488 293
9462 9479 181
9481 9508 88
9486 9497 239
9501 9532 132
9513 9563 170
9525 9539 160
9534 9570 243
9549 9563 87
9566 9576 16
9581 9604 154
9581 9611 179
9587 9620 289
9587 9610 75
9594 9615 204
9613 9630 255
9619 9651 239
9642 9651 71
9654 9694 93
9672 9707 158
9673 9691 70
9673 9702 281
9675 9719 128
9691 9695 285
9709 9746 100
9728 9739 173
9748 9790 130
9766 9773 51
9781 9784 149
9801 9829 123
9812 9841 217
9835 9867 40
9835 9849 216
9859 9877 230
9874 9917 134
9903 9932 189
9921 9968 50
9939 9980 110
9952 9960 59
9962 9968 220
9973 9999 190
9994 10032 63
10022 10065 188
10040 10056 238
10069 10092 96
10084 10090 54
10086 10113 297
10090 10125 78
10106 10133 260
10135 10167 12
10143 10146 289
10153 10198 80
10155 10201 282
10167 10176 81
10189 10234 155
10191 10230 105
10209 10255 171
10219 10222 56
10243 10270 280
10269 10282 142
10290 10340 124
10320 10333 300
10336 10345 295
10362 10411 138
10375 10420 249
10400 10403 252
10426 10444 115
10438 10479 229
10438 10449 208
10452 10493 96
10479 10495 210
10496 10531 50
10504 10530 230
10512 10531 152
10515 10527 221
10535 10551 268
10558 10581 237
10574 10623 60
10579 10627 94
10579 10626 7
10594 10597 211
10618 10667 7
10618 10654 218
10625 10654 236
10655 10673 136
10673 10720 172
10700 10712 2
10725 10767 125
10737 10755 77
10762 10772 263
10784 10785 60
10794 10796 147
10800 10808 37
10829 10863 58
10847 10879 119
10867 10903 18
10897 10906 205
10926 10954 168
10929 10965 264
10955 10968 33
10961 10976 81
10975 11009 54
10988 11012 13
11016 11048 167
11028 11069 101
11042 11064 228
11051 11095 266
11065 11083 71
11090 11104 146
11102 11110 261
11117 11122 70
11117 11119 227
11138 11179 25
11156 11183 19
11172 11187 282
11192 11217 51
11200 11231 81
11201 11216 79
11208 11244 6
11227 11243 70
11243 11277 204
11256 11289 37
11277 11309 299
11292 11335 259
11298 11330 226
11302 11303 7
11306 11324 167
11335 11374 277
11338 11375 243
11349 11368 203
11350 11363 181
11355 11358 100
11366 11373 275
11395 11419 176
11413 11439 184
11443 11457 39
11468 11474 111
11471 11496 83
11476 11520 228
11476 11511 67
11488 11495 207
11518 11535 182
11542 11578 159
11564 11574 84
11590 11623 71
11613 11646 56
11621 11648 290
11638 11660 144
11654 11689 263
11682 11707 198
11709 11712 99
11731 11732 82
11735 11764 41
11757 11796 60
11761 11783 219
11769 11798 55
11798 11804 202
11800 11840 83
11816 11835 212
11816 11821 171
11829 11847 194
11854 11875 140
11857 11905 253
11885 11912 6
11885 11901 262
11900 11920 132
11908 11941 145
11921 11938 271
11950 11973 125
11979 12010 260
12004 12052 188
12023 12034 102
12044 12048 56
12053 12061 288
12073 12107 296
12091 12094 238
12101 12125 61
12113 12152 194
12120 12127 106
12148 12183 232
12173 12198 277
12175 12199 48
12199 12234 96
12201 12215 287
12222 12270 149
12243 12265 297
12252 12282 123
12256 12278 131
12268 12306 59
12291 12315 210
12306 12309 200
12307 12343 219
12318 12326 204
12325 12369 30
12345 12374 227
12364 12377 270
12377 12402 109
12394 12410 127
12424 12439 80
12442 12459 269
12445 12452 9
12450 12462 170
12480 12492 87
12489 12494 251
12514 12524 59
12535 12563 173
12561 12583 63
12564 12607 104
12591 12626 24
12621 12671 135
12640 12656 80
12659 12663 293
12679 12726 216
12697 12741 74
12705 12729 16
12730 12738 165
12755 12767 162
12761 12763 248
12782 12784 37
12797 12817 264
12810 12831 15
12818 12832 185
12839 12883 140
12850 12877 167
12867 12884 169
12882 12893 183
12892 12924 105
12900 12932 252
12902 12925 16
12922 12950 200
12928 12939 300
12937 12942 280
12941 12942 184
12962 12996 162
12965 13001 274
12986 13005 276
13002 13030 119
13004 13017 38
13031 13042 218
13042 13061 242
13054 13081 11
13064 13083 95
13074 13078 179
13095 13118 227
13100 13124 75
13127 13133 132
13147 13193 146
13172 13211 300
13195 13204 36
13223 13268 9
13246 13256 106
13274 13293 195
13279 13293 229
13281 13293 61
13299 13317 222
13306 13321 115
13329 13338 210
13337 13367 164
13367 13412 136
13387 13410 236
13391 13402 238
13411 13413 102
13413 13439 246
13415 13438 47
13436 13447 275
13442 13471 45
13457 13471 156
13463 13480 1
13486 13492 97
13486 13503 259
13501 13506 189
13508 13528 19
13508 13541 175
13538 13556 177
13541 13569 166
13564 13583 176
13593 13612 154
13618 13626 149
13620 13628 288
13648 13688 215
13676 13700 274
13687 13690 4
13717 13733 259
13742 13775 234
13754 13790 114
13779 13793 103
13779 13807 171
13809 13854 126
13814 13863 296
13836 13883 209
13864 13899 221
13867 13892 200
13874 13887 222
13879 13884 182
13879 13927 135
13882 13911 54
13897 13936 241
13897 13945 51
13904 13943 269
13906 13937 57
13919 13943 21
13921 13927 168
13947 13959 60
13972 13993 117
13996 14045 64
13999 14047 19
14012 14049 170
14020 14040 10
14032 14056 204
14062 14112 242
14077 14087 97
14107 14144 97
14118 14150 2
14118 14164 206
14143 14172 169
14154 14198 250
14180 14203 284
14187 14212 241
14209 14223 166
14211 14242 248
14229 14239 259
14237 14238 207
14252 14302 272
14264 14268 147
14292 14294 286
14319 14326 21
14320 14326 125
14334 14381 258
14354 14362 185
14379 14410 222
14389 14419 130
14413 14456 78
14419 14453 195
14430 14450 59
14434 14475 205
14448 14497 114
14454 14500 289
14481 14528 84
14495 14510 181
14505 14553 81
14523 14557 49
14553 14571 230
14556 14581 67
14575 14615 159
14579 14613 94
14596 14612 230
14609 14623 51
14613 14629 76
14632 14634 206
14635 14677 227
14642 14648 225
14650 14700 196
14679 14721 269
14701 14707 250
