1000
18 32 105
44 68 268
47 81 237
55 85 29
64 74 3
67 82 186
67 115 102
90 113 99
97 143 128
119 131 133
149 171 189
164 194 226
185 186 24
191 235 296
194 216 159
210 214 55
224 253 189
252 295 35
277 320 153
307 340 182
315 341 164
339 352 174
360 403 52
360 382 228
384 423 78
391 398 88
392 410 80
409 442 91
439 465 284
461 490 124
486 522 31
498 521 17
516 566 193
535 536 195
556 584 175
582 591 258
582 591 157
592 641 9
609 633 248
631 641 178
639 669 15
669 696 240
685 729 243
691 703 76
698 709 96
702 712 162
721 738 5
721 768 296
732 775 195
745 773 15
759 761 58
778 799 172
784 828 271
804 823 66
811 850 264
811 814 37
825 874 245
843 869 160
867 898 89
883 887 198
890 932 206
909 917 240
923 970 73
942 980 86
953 996 87
955 983 269
983 1015 195
998 1003 59
1027 1062 90
1050 1054 82
1077 1111 194
1081 1128 136
1098 1144 61
1119 1159 81
1148 1175 282
1163 1196 207
1183 1191 100
1193 1194 232
1216 1230 287
1221 1268 44
1223 1242 7
1233 1246 115
1248 1255 156
1278 1327 172
1281 1299 142
1288 1307 227
1314 1363 39
1324 1328 245
1329 1375 29
1331 1366 39
1331 1365 51
1361 1401 191
1375 1422 124
1380 1429 58
1391 1400 87
1399 1419 225
1402 1449 29
1412 1456 213
1422 1424 255
1428 1439 193
1454 1495 128
1479 1526 217
1501 1538 46
1530 1567 30
1531 1572 50
1557 1571 228
1580 1605 40
1590 1619 296
1604 1635 46
1625 1654 126
1625 1670 166
1635 1655 30
1665 1702 255
1679 1707 31
1700 1750 90
1709 1749 13
1729 1731 153
1733 1734 56
1757 1759 46
1774 1800 160
1779 1808 88
1808 1809 115
1831 1868 102
1857 1883 34
1887 1937 12
1901 1927 251
1930 1964 173
1933 1973 27
1952 1981 133
1962 1990 32
1972 1982 15
1983 2029 112
1990 2026 22
2007 2011 239
2016 2066 16
2030 2059 39
2059 2099 74
2089 2105 149
2092 2123 113
2118 2153 299
2142 2161 44
2158 2203 184
2163 2191 171
2169 2185 176
2186 2187 164
2192 2219 140
2219 2251 300
2230 2240 46
2246 2296 90
2246 2251 97
2267 2278 66
2282 2329 208
2310 2347 33
2324 2368 79
2324 2331 98
2354 2380 271
2382 2428 71
2397 2428 247
2410 2456 161
2432 2467 299
2456 2479 17
2464 2494 225
2472 2520 84
2494 2517 207
2507 2534 159
2509 2523 160
2533 2538 97
2555 2582 159
2582 2605 174
2596 2613 189
2603 2619 114
2631 2681 118
2635 2674 227
2646 2650 68
2649 2682 97
2657 2675 145
2680 2723 46
2695 2726 204
2698 2720 185
2716 2752 69
2719 2728 64
2739 2763 194
2759 2791 286
2776 2819 185
2781 2806 22
2797 2843 167
2820 2835 294
2843 2876 55
2857 2895 40
2873 2891 22
2901 2907 183
2905 2949 247
2906 2942 191
2924 2939 38
2940 2971 222
2959 2992 26
2989 3038 68
2999 3024 232
2999 3035 300
3012 3017 231
3026 3040 89
3035 3036 172
3050 3055 17
3079 3096 198
3096 3131 276
3108 3134 180
3122 3172 129
3145 3155 269
3166 3209 245
3176 3191 15
3197 3214 166
3210 3254 15
3212 3217 6
3214 3231 215
3235 3247 32
3254 3255 263
3257 3286 218
3285 3295 25
3311 3356 242
3331 3361 229
3340 3377 64
3350 3380 27
3370 3382 92
3380 3383 99
3393 3434 258
3404 3452 163
3420 3468 263
3420 3432 87
3432 3444 238
3435 3462 125
3448 3486 246
3465 3506 116
3493 3497 185
3523 3545 192
3553 3572 272
3562 3571 118
3576 3578 183
3576 3609 151
3592 3626 51
3606 3645 44
3612 3660 4
3642 3687 69
3654 3696 84
3677 3711 288
3680 3728 76
3708 3724 253
3721 3739 84
3745 3775 165
3771 3806 278
3792 3824 186
3816 3854 70
3830 3874 250
3838 3842 272
3845 3865 40
3862 3883 133
3864 3898 160
3874 3913 127
3886 3935 161
3912 3944 242
3942 3970 65
3959 3986 25
3970 3986 48
3983 4025 162
3994 4000 74
4023 4049 229
4039 4064 255
4039 4068 204
4048 4076 145
4057 4098 238
4083 4111 227
4111 4142 228
4119 4137 90
4125 4151 155
4153 4184 150
4174 4188 113
4175 4184 81
4201 4230 235
4221 4227 300
4239 4282 257
4243 4260 240
4248 4288 91
4275 4308 282
4290 4296 203
4309 4321 249
4326 4328 80
4329 4342 162
4359 4361 170
4374 4412 208
4400 4427 114
4421 4440 118
4421 4447 149
4422 4445 152
4448 4493 182
4464 4487 271
4480 4514 102
4486 4508 156
4487 4513 282
4510 4538 143
4524 4543 245
4527 4545 95
4540 4555 101
4548 4594 26
4576 4583 69
4591 4634 123
4591 4595 81
4598 4642 197
4599 4604 293
4628 4640 300
4649 4659 218
4671 4703 266
4677 4727 265
4686 4717 78
4708 4731 11
4714 4761 244
4736 4744 190
4757 4765 267
4783 4789 253
4804 4825 210
4828 4857 227
4829 4836 45
4856 4896 111
4857 4880 209
4861 4878 37
4870 4904 12
4890 4893 286
4918 4921 104
4932 4967 228
4953 4982 212
4981 5020 279
5002 5046 137
5020 5064 243
5022 5030 169
5029 5050 9
5050 5052 118
5059 5094 137
5079 5083 70
5100 5115 283
5120 5143 291
5134 5136 219
5163 5197 42
5177 5211 253
5198 5217 118
5212 5252 230
5219 5252 73
5244 5270 118
5245 5287 232
5251 5284 67
5280 5297 49
5281 5302 108
5283 5327 22
5291 5308 195
5316 5317 161
5323 5356 247
5340 5377 259
5357 5386 63
5371 5383 282
5379 5428 24
5390 5425 57
5397 5416 248
5399 5421 147
5426 5456 92
5434 5469 56
5435 5441 14
5444 5461 99
5474 5500 92
5476 5507 227
5478 5510 94
5503 5536 213
5504 5521 164
5510 5532 66
5521 5532 85
5532 5533 178
5562 5589 125
5570 5582 42
5572 5595 143
5599 5637 255
5614 5636 248
5631 5680 67
5647 5681 253
5670 5682 292
5683 5684 30
5694 5712 231
5706 5747 2
5725 5730 1
5751 5766 55
5751 5762 293
5765 5806 282
5781 5793 84
5786 5824 295
5802 5822 85
5820 5853 160
5827 5863 103
5855 5859 116
5885 5926 199
5915 5927 258
5918 5959 195
5918 5955 291
5919 5924 290
5940 5968 281
5953 5959 19
5972 5994 115
5979 5980 222
5995 6031 207
6012 6031 190
6023 6049 251
6042 6082 223
6068 6108 295
6089 6120 174
6117 6137 213
6141 6168 221
6159 6199 229
6177 6192 120
6199 6224 184
6211 6244 191
6231 6264 139
6241 6272 54
6250 6285 63
6255 6282 53
6270 6302 186
6293 6300 227
6305 6317 95
6306 6309 46
6309 6345 258
6329 6368 85
6337 6360 94
6339 6387 95
6357 6397 233
6377 6382 3
6386 6428 109
6400 6428 112
6419 6433 297
6440 6460 51
6453 6461 224
6456 6465 227
6471 6517 140
6472 6487 113
6494 6540 118
6506 6545 295
6535 6551 116
6565 6601 156
6576 6584 141
6600 6631 229
6619 6645 210
6636 6671 254
6665 6671 253
6679 6699 230
6690 6739 296
6720 6740 182
6732 6748 36
6732 6769 84
6755 6775 96
6772 6794 176
6773 6801 295
6795 6828 279
6815 6836 66
6819 6836 204
6822 6871 242
6825 6865 69
6845 6887 67
6847 6856 270
6872 6893 126
6872 6917 43
6887 6928 12
6896 6898 107
6917 6939 29
6944 6978 102
6961 6998 82
6969 6974 97
6993 7031 36
6999 7012 289
7023 7061 14
7042 7090 91
7048 7049 34
7050 7062 148
7055 7064 40
7077 7084 21
7095 7113 237
7096 7127 273
7122 7133 126
7135 7168 70
7139 7142 70
7143 7191 232
7152 7186 185
7160 7190 3
7188 7234 249
7207 7257 225
7215 7230 25
7244 7253 295
7270 7306 87
7271 7301 146
7276 7319 102
7291 7323 164
7321 7338 137
7345 7384 19
7375 7416 123
7395 7399 175
7421 7429 275
7431 7432 41
7446 7482 126
7475 7483 21
7479 7501 244
7485 7503 17
7498 7516 32
7507 7536 36
7516 7558 286
7527 7570 178
7529 7570 23
7551 7578 158
7555 7579 231
7582 7608 64
7594 7609 281
7606 7649 128
7625 7654 14
7645 7667 5
7658 7682 50
7682 7685 237
7705 7751 111
7725 7729 156
7726 7770 287
7736 7746 27
7749 7769 223
7753 7761 34
7755 7793 247
7768 7789 44
7797 7807 49
7809 7834 32
7826 7838 64
7829 7842 30
7831 7873 25
7855 7869 162
7880 7925 70
7904 7923 63
7929 7946 13
7942 7945 239
7958 8005 80
7977 8027 106
8004 8043 167
8023 8044 160
8042 8071 124
8059 8064 54
8081 8101 73
8091 8139 206
8121 8127 273
8144 8164 31
8144 8153 137
8160 8173 252
8160 8164 241
8189 8201 149
8193 8233 78
8216 8230 86
8240 8265 247
8243 8262 170
8254 8279 288
8280 8293 18
8304 8342 238
8321 8335 155
8335 8341 163
8359 8366 284
8359 8377 87
8380 8392 287
8399 8428 147
8424 8449 104
8427 8430 104
8443 8479 172
8445 8446 80
8458 8459 48
8466 8485 118
8472 8521 217
8501 8503 108
8518 8568 277
8521 8526 93
8529 8555 191
8539 8570 131
8556 8601 87
8570 8590 50
8574 8611 21
8598 8619 60
8606 8616 74
8611 8634 190
8621 8669 57
8641 8643 299
8659 8695 8
8673 8698 294
8678 8689 275
8689 8712 240
8715 8736 227
8731 8769 23
8757 8772 207
8779 8823 236
8789 8822 240
8809 8819 59
8831 8871 3
8845 8891 125
8847 8877 113
8869 8900 252
8896 8927 229
8905 8948 33
8914 8949 157
8929 8949 183
8956 8981 170
8970 9013 267
9000 9040 84
9006 9029 32
9019 9035 179
9041 9079 41
9068 9085 255
9091 9101 219
9111 9115 102
9118 9148 295
9138 9176 85
9168 9180 269
9179 9208 39
9201 9246 127
9221 9222 204
9238 9261 171
9243 9292 161
9259 9286 279
9263 9305 39
9270 9302 27
9292 9340 90
9301 9327 211
9323 9340 97
9331 9373 276
9352 9397 215
9360 9379 109
9375 9381 295
9398 9417 119
9403 9448 57
9433 9452 159
9463 9496 83
9474 9476 267
9487 9496 173
9494 9529 132
9516 9544 123
9544 9547 282
9560 9571 43
9589 9600 209
9602 9617 150
9614 9617 233
9627 9638 108
9627 9640 186
9644 9657 122
9669 9696 293
9698 9714 122
9717 9742 161
9737 9783 275
9759 9794 38
9762 9774 181
9770 9786 218
9788 9797 95
9804 9849 23
9815 9816 49
9821 9860 294
9851 9852 106
9856 9883 1
9873 9911 36
9888 9892 253
9902 9936 53
9914 9948 206
9922 9949 206
9927 9934 91
9930 9978 164
9940 9950 29
9956 9968 224
9982 10004 17
9995 10037 151
10009 10057 242
10039 10048 25
10052 10070 8
10068 10090 41
10074 10089 77
10084 10110 29
10085 10101 160
10103 10129 278
10112 10150 66
10112 10148 23
10124 10134 207
10127 10161 88
10142 10183 19
10161 10206 49
10178 10218 178
10192 10232 290
10205 10212 94
10220 10221 197
10246 10284 196
10273 10312 246
10296 10305 171
10317 10351 270
10338 10351 62
10344 10361 147
10352 10399 103
10372 10389 168
10393 10413 181
10401 10405 135
10429 10466 224
10455 10460 189
10477 10503 283
10479 10490 215
10483 10529 13
10486 10503 8
10486 10490 69
10506 10521 175
10511 10518 208
10519 10558 223
10544 10566 276
10572 10583 22
10601 10607 61
10630 10661 284
10630 10668 290
10631 10639 280
10636 10686 65
10642 10671 196
10647 10670 122
10662 10681 245
10671 10715 188
10689 10701 153
10714 10757 279
10724 10728 210
10739 10741 288
10766 10777 190
10769 10817 264
10798 10828 190
10806 10832 298
10817 10862 167
10847 10897 17
10869 10898 180
10878 10881 227
10904 10907 206
10910 10954 28
10924 10950 207
10928 10947 47
10956 10959 56
10980 10995 86
11004 11016 83
11013 11063 255
11013 11063 160
11026 11036 37
11042 11054 203
11065 11076 54
11095 11108 132
11111 11139 48
11115 11118 170
11142 11144 198
11147 11174 225
11164 11207 203
11191 11211 175
11211 11228 266
11212 11226 272
11214 11219 86
11243 11282 121
11244 11277 163
11246 11255 214
11266 11313 136
11273 11311 172
11294 11329 264
11318 11333 228
11321 11360 73
11343 11378 290
11344 11371 292
11374 11411 275
11397 11404 4
11399 11441 169
11411 11460 203
11434 11459 53
11435 11454 174
11454 11461 37
11473 11488 189
11486 11493 120
11488 11517 5
11489 11525 41
11503 11507 148
11503 11507 229
11518 11553 223
11546 11558 296
11560 11576 260
11560 11575 46
11578 11612 153
11600 11649 235
11608 11624 94
11610 11615 130
11627 11660 235
11650 11670 115
11679 11713 31
11685 11717 188
11693 11732 105
11706 11750 262
11717 11754 175
11740 11751 170
11740 11762 79
11743 11759 116
11754 11759 267
11757 11762 122
11757 11802 266
11783 11806 233
11785 11819 91
11812 11846 180
11827 11847 202
11857 11901 14
11868 11880 270
11886 11910 250
11916 11964 184
11946 11992 158
11971 12011 46
11991 12013 67
12020 12024 26
12022 12057 7
12043 12081 259
12045 12048 16
12059 12091 19
12071 12089 251
12097 12106 117
12105 12124 250
12124 12130 134
12144 12190 296
12147 12191 208
12174 12178 77
12203 12237 25
12228 12247 184
12229 12251 162
12236 12257 142
12246 12258 141
12263 12267 292
12291 12293 34
12296 12329 171
12321 12361 25
12334 12359 113
12358 12390 206
12366 12391 246
12391 12428 183
12394 12402 81
12401 12444 50
12416 12435 288
12424 12433 251
12424 12451 107
12435 12477 53
12457 12482 52
12467 12494 131
12468 12473 200
12477 12478 156
12499 12502 164
12526 12562 260
12540 12573 115
12540 12558 177
12547 12585 261
12560 12595 179
12561 12585 3
12580 12587 103
12595 12639 278
12595 12604 8
12624 12643 69
12627 12646 124
12642 12669 268
12644 12657 48
12662 12699 266
12669 12709 82
12687 12733 152
12702 12731 106
12702 12720 218
12721 12749 249
12726 12751 276
12726 12772 126
12738 12777 198
12752 12770 32
12757 12761 236
12773 12782 243
12774 12814 204
12803 12832 102
12803 12841 186
12814 12822 106
12823 12863 238
12823 12824 204
12828 12868 139
12847 12881 247
12876 12907 44
12877 12913 229
12904 12910 166
12933 12953 131
12955 12973 274
12975 13025 206
12977 13022 83
12987 13008 79
13007 13029 56
13027 13062 196
13057 13104 181
13065 13070 245
13090 13113 293
13097 13143 175
13112 13148 85
13126 13136 140
13133 13162 220
13148 13164 43
13157 13177 186
13165 13187 103
13172 13187 258
13177 13195 188
13201 13208 170
13213 13225 126
13238 13251 242
13265 13294 47
13278 13303 52
13301 13303 234
13320 13353 251
13326 13329 235
13335 13340 184
13338 13365 7
13356 13367 281
13362 13389 227
13392 13393 71
13421 13449 297
13442 13471 129
13454 13464 279
13454 13498 290
13480 13510 58
13488 13513 68
13508 13517 286
13514 13541 252
13516 13550 58
13528 13547 5
13530 13576 150
13551 13564 255
13552 13588 159
13552 13578 276
13576 13611 84
13602 13649 27
13614 13652 155
13639 13684 226
13653 13670 164
13665 13708 172
13677 13715 185
13679 13713 135
13706 13732 156
13715 13765 207
13730 13750 230
13759 13786 183
13767 13797 45
13794 13806 72
13807 13813 51
13834 13868 288
13841 13855 66
13863 13889 6
13875 13917 22
13895 13931 228
13906 13925 254
13921 13924 186
13931 13943 282
13959 13968 262
13979 14028 18
13979 13982 101
13993 13998 34
14013 14017 61
14021 14052 188
14040 14086 180
14052 14085 231
14076 14109 134
14082 14088 9
14094 14128 191
14107 14115 252
14130 14135 118
14149 14191 54
14156 14158 137
14179 14185 214
14186 14219 24
14204 14221 88
14216 14254 3
14240 14242 253
14240 14266 7
14257 14276 185
14264 14291 216
14269 14296 185
14294 14304 118
14295 14330 171
14301 14321 67
14325 14367 17
14330 14331 294
14335 14367 59
14335 14358 43
14337 14363 210
14348 14390 253
14349 14356 128
14370 14414 161
14393 14423 129
14398 14411 201
14422 14468 190
14444 14483 118
14463 14497 23
14491 14512 100
14520 14527 48
14529 14545 289
14535 14559 39
14557 14587 74
14564 14594 261
14579 14612 183
14602 14626 233
14602 14609 118
14623 14633 155
14629 14639 186
14642 14676 137
14664 14695 281
14673 14710 167
14693 14694 75
