1000
8 30 38
18 55 82
21 25 262
22 47 164
39 53 98
54 57 138
68 86 36
89 113 166
114 115 92
125 129 153
155 173 221
173 179 71
199 202 271
205 248 132
232 261 83
232 246 87
241 247 179
265 279 177
294 298 139
323 324 263
326 348 199
348 358 24
371 414 81
395 427 283
417 456 14
440 449 57
443 473 53
458 468 204
479 496 214
496 505 51
524 540 169
546 578 219
572 618 183
601 636 155
623 645 97
638 656 141
644 668 1
658 701 170
670 711 195
696 728 278
708 735 185
727 749 222
748 778 56
767 817 161
771 779 79
785 805 139
813 842 38
831 872 235
851 862 41
878 915 277
884 899 18
902 941 125
916 927 179
936 970 282
961 967 191
974 1001 287
1004 1038 152
1012 1047 242
1018 1062 6
1025 1026 280
1046 1059 168
1073 1094 221
1099 1116 288
1127 1176 166
1150 1165 133
1179 1200 156
1207 1246 101
1225 1275 186
1226 1274 54
1254 1260 247
1270 1312 84
1272 1289 261
1291 1292 137
1308 1318 116
1329 1364 6
1348 1377 91
1357 1392 169
1381 1408 156
1402 1449 175
1423 1461 143
1424 1428 100
1446 1485 203
1468 1483 16
1491 1540 95
1518 1537 59
1538 1555 73
1566 1584 61
1594 1610 296
1606 1621 5
1621 1632 27
1642 1691 86
1670 1683 50
1672 1681 217
1689 1726 79
1706 1756 126
1728 1753 127
1735 1739 78
1740 1780 104
1749 1789 197
1773 1802 267
1774 1821 241
1787 1789 116
1791 1802 86
1819 1843 40
1835 1874 18
1858 1902 216
1862 1896 5
1866 1906 258
1891 1932 54
1917 1931 171
1923 1929 289
1934 1956 156
1948 1961 100
1951 1971 71
1959 2009 141
1968 1997 242
1995 2013 229
2013 2054 147
2018 2026 66
2038 2075 191
2051 2075 138
2079 2110 193
2094 2101 10
2100 2124 189
2123 2130 200
2135 2170 287
2136 2149 182
2159 2187 47
2183 2228 278
2188 2189 180
2191 2210 240
2219 2235 214
2246 2269 241
2254 2282 159
2260 2279 83
2289 2314 135
2295 2344 180
2314 2331 154
2336 2386 193
2359 2364 63
2369 2408 290
2382 2415 108
2395 2419 108
2415 2462 298
2428 2470 258
2436 2456 42
2451 2466 182
2475 2478 42
2477 2488 278
2507 2542 163
2509 2535 89
2526 2533 117
2546 2592 152
2552 2561 224
2577 2613 122
2589 2629 109
2602 2640 168
2630 2664 112
2656 2686 97
2658 2694 98
2677 2721 139
2705 2706 295
2711 2742 279
2719 2723 114
2727 2772 63
2733 2764 32
2761 2783 164
2773 2776 192
2800 2803 253
2825 2862 271
2849 2872 291
2860 2883 269
2865 2888 232
2881 2927 244
2894 2911 198
2912 2947 114
2929 2972 156
2940 2961 109
2953 2997 210
2957 3002 6
2962 2986 197
2980 3026 122
3003 3014 138
3029 3048 51
3057 3085 49
3085 3090 123
3109 3146 104
3134 3143 241
3156 3157 83
3185 3212 286
3215 3259 80
3240 3286 221
3240 3263 235
3258 3298 206
3260 3287 232
3278 3306 105
3306 3313 167
3318 3346 3
3335 3339 87
3355 3387 243
3379 3402 154
3390 3420 135
3407 3452 95
3413 3445 184
3441 3469 225
3442 3451 94
3461 3494 69
3484 3519 160
3510 3533 52
3516 3563 18
3524 3532 137
3532 3553 171
3562 3582 282
3584 3603 154
3597 3601 294
3615 3652 132
3628 3675 108
3653 3658 211
3674 3720 176
3690 3705 183
3692 3722 43
3695 3706 195
3716 3752 45
3725 3748 66
3732 3747 142
3750 3781 63
3764 3787 223
3787 3801 199
3787 3793 189
3799 3825 157
3804 3849 106
3827 3844 268
3848 3885 192
3876 3898 239
3905 3939 6
3924 3947 96
3952 3993 298
3957 3964 58
3976 4009 197
3981 3996 282
3992 4040 21
4019 4063 28
4038 4080 47
4047 4097 186
4075 4097 293
4086 4113 282
4093 4118 193
4102 4144 106
4120 4165 45
4132 4156 292
4146 4163 103
4159 4194 76
4165 4197 146
4193 4212 226
4203 4220 69
4215 4231 99
4215 4229 144
4221 4236 98
4223 4254 18
4246 4296 122
4270 4283 148
4286 4297 270
4301 4351 217
4305 4326 96
4307 4309 234
4318 4355 8
4319 4333 231
4328 4368 1
4338 4344 95
4368 4376 63
4394 4443 145
4397 4399 218
4426 4431 117
4431 4456 280
4458 4500 222
4459 4495 214
4469 4500 144
4485 4498 258
4509 4519 269
4527 4545 206
4537 4561 87
4539 4566 279
4553 4603 84
4582 4626 123
4604 4636 43
4627 4632 239
4645 4687 251
4654 4666 247
4682 4715 85
4691 4710 98
4721 4768 59
4748 4796 43
4755 4765 238
4785 4832 255
4788 4837 56
4791 4838 207
4799 4801 56
4805 4826 261
4813 4816 138
4826 4867 153
4840 4883 280
4849 4870 249
4849 4868 282
4875 4882 207
4905 4948 181
4911 4930 87
4917 4942 70
4940 4970 151
4955 4957 284
4970 5003 299
4995 5008 34
5012 5041 177
5018 5066 237
5018 5042 2
5030 5063 198
5049 5072 156
5066 5115 244
5084 5117 145
5113 5127 167
5118 5125 168
5144 5167 18
5151 5191 80
5181 5210 296
5197 5232 67
5223 5226 230
5233 5238 164
5234 5262 54
5247 5292 145
5259 5273 40
5281 5323 291
5287 5293 68
5301 5311 61
5312 5314 127
5312 5347 291
5326 5356 33
5336 5372 290
5350 5366 168
5372 5422 115
5378 5427 70
5405 5452 125
5411 5420 258
5439 5482 120
5466 5469 170
5472 5520 169
5480 5484 276
5482 5522 95
5508 5518 283
5517 5561 155
5531 5563 98
5547 5593 139
5574 5616 4
5589 5628 293
5618 5635 17
5624 5629 3
5632 5639 193
5636 5682 167
5637 5648 257
5646 5692 120
5646 5675 237
5663 5690 121
5668 5678 93
5669 5707 229
5669 5686 241
5685 5703 247
5697 5698 138
5727 5754 278
5737 5739 52
5741 5745 189
5751 5780 103
5758 5786 240
5784 5823 204
5800 5801 55
5803 5822 128
5815 5818 106
5828 5862 290
5845 5861 26
5867 5874 218
5890 5926 51
5911 5945 227
5932 5970 269
5960 6008 137
5990 6013 49
6002 6020 131
6002 6023 212
6019 6035 282
6042 6062 286
6062 6088 95
6082 6126 185
6103 6130 258
6121 6143 139
6128 6175 281
6142 6182 111
6170 6172 58
6173 6204 167
6177 6222 251
6183 6231 63
6208 6221 172
6224 6238 197
6250 6264 187
6279 6315 152
6302 6347 215
6313 6337 231
6314 6344 136
6336 6375 223
6352 6394 172
6371 6420 217
6399 6408 179
6405 6410 284
6433 6476 161
6463 6501 57
6489 6509 79
6490 6498 138
6498 6533 245
6508 6538 40
6532 6577 185
6558 6594 252
6559 6597 10
6563 6565 138
6591 6606 201
6614 6655 113
6615 6646 137
6637 6655 238
6660 6692 99
6683 6714 150
6704 6710 9
6708 6710 21
6715 6729 4
6723 6733 41
6742 6787 206
6758 6778 297
6765 6787 230
6768 6799 146
6773 6789 70
6801 6850 151
6830 6873 127
6836 6845 249
6861 6865 31
6875 6907 199
6890 6919 100
6897 6942 255
6910 6912 295
6934 6972 89
6963 6987 39
6974 6987 164
6993 7021 272
7001 7013 191
7015 7047 197
7017 7029 300
7027 7065 64
7032 7056 192
7052 7082 30
7063 7105 92
7079 7091 52
7091 7113 133
7100 7133 151
7101 7136 130
7114 7135 71
7128 7151 70
7144 7149 205
7164 7199 230
7194 7229 292
7218 7243 35
7229 7249 232
7236 7278 123
7238 7250 53
7243 7265 240
7245 7288 241
7254 7289 123
7266 7303 108
7266 7305 168
7289 7318 151
7289 7338 254
7318 7345 76
7345 7368 298
7346 7386 300
7358 7406 100
7359 7406 97
7379 7415 269
7382 7403 31
7388 7407 226
7407 7446 2
7415 7429 248
7443 7455 149
7449 7473 84
7449 7493 82
7459 7463 86
7473 7491 256
7474 7492 195
7479 7497 214
7496 7526 253
7514 7539 137
7530 7566 266
7548 7588 136
7551 7598 188
7552 7576 290
7559 7579 94
7578 7582 113
7603 7621 169
7622 7668 243
7639 7651 113
7660 7701 2
7683 7713 247
7702 7743 245
7722 7725 45
7724 7732 291
7733 7736 229
7740 7754 206
7770 7778 90
7782 7787 104
7807 7841 1
7813 7843 158
7816 7818 9
7832 7879 27
7849 7867 246
7876 7924 212
7902 7927 59
7926 7974 109
7944 7990 111
7958 7996 99
7962 7982 66
7992 8018 61
7992 8028 12
8015 8038 54
8031 8056 239
8033 8060 288
8055 8094 40
8084 8095 52
8111 8121 145
8115 8127 196
8139 8145 127
8168 8199 204
8186 8232 94
8215 8227 71
8233 8238 7
8240 8256 203
8259 8265 281
8272 8279 267
8292 8321 127
8298 8327 69
8305 8310 214
8315 8354 164
8318 8334 32
8337 8365 89
8343 8356 167
8361 8394 233
8373 8406 195
8393 8409 31
8410 8460 188
8418 8430 7
8423 8438 181
8452 8485 84
8471 8505 223
8489 8517 7
8517 8555 132
8545 8554 164
8557 8605 128
8579 8610 273
8609 8639 226
8639 8689 14
8663 8671 149
8681 8701 191
8695 8704 135
8717 8757 84
8744 8772 66
8758 8781 120
8772 8792 132
8798 8820 104
8810 8828 22
8823 8859 41
8842 8867 102
8855 8887 214
8856 8868 125
8870 8893 3
8900 8948 19
8903 8909 192
8919 8954 137
8935 8945 18
8948 8980 247
8961 8998 121
8966 8983 84
8987 8991 171
9014 9051 173
9021 9058 17
9038 9058 68
9065 9071 231
9066 9079 217
9074 9106 192
9090 9106 12
9095 9115 223
9110 9144 144
9126 9142 106
9133 9143 90
9143 9165 32
9170 9193 234
9196 9225 173
9197 9214 167
9219 9262 74
9241 9279 227
9268 9292 246
9285 9317 11
9313 9325 252
9341 9372 122
9364 9375 194
9372 9408 2
9381 9392 106
9398 9414 23
9402 9426 57
9424 9456 262
9430 9439 226
9439 9466 272
9457 9490 162
9464 9504 180
9484 9519 46
9487 9528 13
9505 9552 146
9530 9546 127
9531 9567 106
9552 9571 17
9557 9573 238
9564 9608 286
9583 9623 108
9613 9637 123
9631 9668 266
9643 9669 291
9666 9701 40
9690 9713 137
9706 9753 166
9725 9739 289
9754 9781 247
9756 9769 21
9779 9821 44
9789 9804 297
9797 9810 226
9819 9845 22
9832 9868 164
9834 9843 89
9856 9865 156
9865 9902 236
9885 9921 31
9904 9927 7
9916 9934 81
9918 9945 71
9934 9966 109
9961 10003 111
9975 9994 293
9981 9995 112
9981 10026 12
9989 10009 210
10018 10026 168
10019 10069 150
10035 10043 221
10048 10080 102
10073 10083 246
10078 10108 118
10105 10127 177
10109 10154 3
10134 10161 148
10152 10198 248
10174 10180 134
10203 10218 20
10204 10252 38
10214 10218 200
10223 10255 289
10250 10300 285
10250 10262 131
10254 10271 106
10272 10274 58
10292 10329 256
10300 10350 198
10327 10365 126
10332 10362 169
10337 10381 113
10359 10377 12
10385 10419 13
10411 10452 16
10424 10466 115
10445 10464 34
10458 10489 185
10467 10512 151
10480 10528 174
10485 10496 92
10490 10516 243
10514 10553 169
10535 10574 6
10539 10566 134
10543 10569 62
10555 10577 217
10564 10568 46
10591 10618 124
10612 10633 214
10630 10660 16
10655 10681 251
10658 10667 156
10676 10688 24
10699 10719 131
10720 10743 127
10728 10737 55
10735 10756 130
10751 10766 158
10776 10809 86
10804 10837 175
10807 10848 257
10816 10848 231
10820 10857 193
10840 10861 112
10843 10880 68
10845 10874 204
10859 10887 233
10863 10870 151
10893 10941 230
10916 10925 81
10928 10972 286
10942 10980 273
10952 10969 167
10975 11009 187
11005 11008 241
11035 11051 233
11059 11099 241
11063 11101 150
11067 11110 268
11087 11114 67
11101 11113 259
11106 11111 248
11125 11163 203
11132 11133 261
11151 11192 59
11158 11203 283
11158 11170 213
11170 11173 22
11200 11237 126
11214 11244 39
11239 11255 16
11257 11307 257
11259 11290 91
11277 11291 35
11286 11300 49
11301 11328 66
11321 11366 97
11325 11359 132
11345 11358 93
11353 11403 284
11362 11390 256
11371 11385 96
11383 11433 279
11388 11426 199
11411 11432 233
11438 11461 182
11457 11483 44
11467 11471 290
11496 11502 174
11510 11530 110
11517 11562 217
11525 11542 180
11555 11567 294
11581 11607 11
11583 11632 43
11608 11619 187
11627 11649 253
11646 11679 21
11667 11677 125
11680 11711 234
11705 11721 66
11725 11726 92
11752 11759 252
11782 11818 226
11811 11820 204
11824 11855 105
11839 11847 200
11853 11883 266
11873 11903 228
11902 11917 148
11922 11923 25
11942 11963 84
11970 11983 168
11982 12009 213
12004 12022 2
12019 12031 201
12041 12053 182
12054 12089 284
12058 12092 104
12070 12080 195
12082 12111 132
12098 12133 114
12126 12168 120
12133 12146 95
12160 12201 69
12174 12198 116
12174 12224 104
12203 12251 294
12232 12272 275
12247 12265 252
12255 12274 145
12276 12287 233
12288 12294 102
12295 12316 24
12305 12333 175
12330 12371 155
12337 12376 17
12337 12369 62
12358 12372 238
12366 12389 283
12370 12411 116
12370 12388 67
12371 12379 280
12376 12412 235
12386 12426 68
12397 12418 76
12407 12417 189
12408 12449 197
12412 12421 63
12436 12465 195
12457 12458 255
12463 12497 228
12480 12501 134
12486 12522 93
12487 12505 269
12490 12539 264
12498 12508 221
12514 12545 190
12524 12558 145
12553 12568 150
12556 12573 210
12561 12597 96
12589 12602 220
12617 12637 199
12619 12634 169
12640 12646 293
12645 12670 5
12647 12695 280
12651 12682 115
12652 12698 210
12653 12701 87
12672 12684 178
12700 12704 89
12713 12716 212
12729 12763 247
12757 12776 160
12776 12804 183
12800 12808 107
12801 12814 199
12830 12842 112
12855 12861 17
12858 12901 223
12878 12888 287
12880 12885 14
12883 12885 1
12913 12934 142
12933 12960 91
12947 12972 295
12947 12995 140
12950 12999 186
12968 12978 146
12973 12991 56
12974 13020 104
12988 13004 114
12998 13024 35
13019 13066 248
13027 13057 80
13036 13059 119
13061 13063 204
13075 13081 149
13105 13135 155
13110 13137 273
13138 13181 172
13158 13163 241
13160 13170 196
13178 13185 124
13202 13215 21
13207 13231 54
13210 13239 238
13218 13246 67
13237 13282 176
13238 13254 162
13268 13311 264
13297 13309 59
13318 13355 50
13319 13352 121
13342 13367 175
13355 13405 25
13369 13404 261
13381 13399 87
13401 13406 115
13404 13448 51
13416 13457 74
13446 13480 92
13458 13485 268
13488 13526 265
13494 13506 151
13517 13518 124
13541 13557 3
13559 13581 151
13579 13618 80
13592 13640 67
13607 13650 193
13637 13686 70
13660 13702 54
13682 13704 176
13684 13693 258
13695 13703 183
13695 13702 248
13708 13752 204
13709 13735 232
13739 13758 260
13749 13774 84
13751 13763 56
13765 13782 176
13766 13784 80
13776 13788 171
13790 13810 297
13794 13799 150
13794 13835 80
13799 13840 101
13803 13831 141
13809 13858 217
13817 13865 90
13838 13865 95
13840 13848 105
13870 13911 80
13900 13940 250
13919 13957 287
13920 13967 33
13946 13979 133
13953 13989 180
13976 14006 95
13994 14000 30
13996 14001 151
14022 14043 18
14049 14071 23
14050 14094 207
14064 14070 36
14080 14125 166
14108 14118 190
14132 14167 25
14153 14202 143
14168 14185 289
14188 14203 54
14199 14213 196
14220 14265 236
14239 14277 203
14257 14269 12
14264 14270 30
14287 14288 282
14291 14323 271
14305 14312 206
14308 14318 222
14308 14338 120
14319 14336 87
14343 14374 170
14357 14395 136
14381 14411 104
14403 14435 51
14424 14470 190
14437 14450 279
14451 14471 133
14453 14473 86
14470 14513 190
14497 14527 44
14519 14546 80
14544 14588 109
14555 14559 75
14555 14587 260
14566 14594 280
14571 14577 53
14572 14579 106
14590 14628 108
14597 14645 48
14612 14620 219
14636 14684 157
14645 14695 28
14648 14695 28
14664 14665 113
14681 14729 117
14709 14725 232
14713 14742 178
14738 14776 103
14766 14768 294
14787 14825 241
14799 14829 146
14805 14818 17
14822 14843 208
14838 14879 26
14847 14897 56
14858 14861 104
14880 14891 160
14894 14935 78
14903 14915 45
14912 14953 122
14925 14955 122
14932 14961 117
14945 14993 232
14959 14960 224
14969 15014 202
14998 15029 279
15019 15021 182
15048 15081 233
15060 15109 126
15088 15092 155
15089 15097 21
15103 15129 117
15120 15163 268
