1000
27 52 254
34 81 40
62 93 236
79 101 8
79 97 86
103 116 17
110 111 166
130 135 161
140 141 250
168 181 114
173 190 185
189 214 173
192 237 15
217 248 56
226 244 80
250 280 144
252 296 21
281 307 192
283 298 235
288 295 7
294 297 61
301 326 231
306 356 94
333 352 128
352 369 250
352 366 140
377 389 101
391 400 96
419 423 242
437 448 31
448 466 123
450 467 270
454 464 226
463 507 179
479 506 181
501 509 234
506 524 147
532 554 272
556 578 251
580 591 63
589 614 59
613 614 139
622 641 229
647 689 143
677 700 131
687 689 75
696 737 287
703 722 281
724 737 273
753 803 207
774 819 2
798 831 261
798 833 298
806 823 172
836 861 52
840 881 74
847 878 55
853 894 251
865 898 138
879 910 55
903 906 32
907 953 54
921 926 197
929 950 174
943 990 209
969 1001 102
979 1021 96
985 1001 251
1014 1017 165
1019 1023 27
1025 1036 75
1027 1064 123
1049 1058 255
1064 1100 169
1085 1112 94
1090 1126 153
1092 1138 243
1122 1164 287
1130 1132 285
1142 1155 287
1166 1183 117
1189 1212 299
1211 1255 288
1240 1275 203
1260 1272 242
1275 1288 239
1288 1328 279
1310 1352 32
1325 1333 135
1347 1355 199
1350 1351 278
1368 1401 74
1392 1407 39
1411 1446 110
1411 1427 98
1415 1430 52
1415 1435 26
1425 1437 158
1448 1477 41
1470 1484 7
1474 1476 207
1500 1539 258
1526 1535 106
1548 1555 211
1555 1572 45
1557 1572 34
1567 1596 102
1573 1623 54
1577 1603 259
1592 1618 228
1600 1641 77
1605 1631 183
1634 1652 52
1651 1673 109
1663 1710 68
1670 1678 283
1674 1716 65
1676 1693 235
1677 1681 43
1695 1703 139
1695 1739 222
1701 1719 124
1704 1744 209
1714 1748 117
1724 1728 136
1747 1792 93
1765 1792 165
1766 1771 102
1785 1812 1
1793 1798 156
1813 1823 166
1836 1865 50
1838 1876 235
1848 1897 91
1863 1869 163
1874 1879 150
1894 1918 34
1896 1916 230
1910 1944 275
1914 1945 273
1924 1930 256
1940 1967 206
1945 1967 240
1950 1951 13
1950 1981 30
1952 1968 117
1961 2006 92
1983 1995 278
1989 1993 149
2019 2069 135
2035 2049 127
2057 2070 273
2061 2087 129
2088 2118 278
2105 2106 294
2127 2164 111
2149 2190 157
2172 2182 298
2181 2211 22
2210 2228 79
2225 2260 285
2231 2258 185
2252 2289 44
2282 2327 28
2286 2327 6
2313 2328 55
2343 2385 211
2347 2391 46
2349 2350 185
2362 2402 61
2363 2384 244
2372 2397 205
2382 2424 290
2408 2439 181
2427 2460 242
2429 2447 229
2439 2460 159
2465 2468 27
2482 2530 30
2499 2532 101
2502 2548 125
2528 2558 20
2549 2554 78
2566 2615 123
2593 2639 201
2605 2652 124
2607 2646 199
2630 2644 149
2655 2673 104
2661 2676 136
2664 2714 153
2694 2711 164
2717 2718 263
2732 2775 235
2760 2762 91
2779 2816 195
2807 2831 287
2815 2851 59
2817 2857 33
2826 2829 93
2851 2890 206
2873 2906 277
2902 2922 63
2930 2978 105
2959 2995 118
2962 2983 101
2980 2994 110
2995 3026 207
3017 3062 255
3023 3044 299
3030 3039 255
3042 3089 22
3061 3092 212
3080 3122 65
3090 3124 170
3100 3104 21
3116 3117 122
3133 3161 102
3147 3175 253
3169 3174 95
3186 3235 112
3188 3201 103
3211 3233 257
3237 3285 27
3267 3275 118
3277 3323 152
3304 3327 1
3334 3353 261
3351 3371 3
3372 3380 276
3395 3405 186
3399 3429 38
3413 3430 95
3417 3422 159
3435 3479 188
3448 3457 35
3463 3492 195
3493 3527 270
3495 3529 201
3523 3573 192
3524 3538 44
3551 3601 265
3576 3606 89
3605 3648 191
3606 3621 208
3633 3674 268
3650 3665 85
3676 3688 44
3691 3727 220
3697 3731 155
3721 3747 191
3743 3793 200
3768 3773 174
3775 3825 11
3795 3805 11
3814 3822 20
3840 3855 118
3865 3906 135
3878 3905 33
3904 3916 23
3933 3942 200
3950 3977 34
3979 4021 195
4001 4019 27
4029 4058 254
4055 4092 123
4064 4110 50
4082 4120 272
4105 4145 212
4125 4167 65
4153 4165 152
4161 4189 54
4185 4217 67
4204 4230 3
4227 4245 296
4228 4272 297
4237 4265 83
4262 4270 177
4276 4280 60
4284 4309 229
4288 4312 138
4312 4356 205
4336 4355 53
4364 4372 220
4387 4410 71
4398 4433 224
4404 4414 88
4432 4468 300
4443 4476 290
4462 4511 102
4484 4520 159
4508 4512 297
4535 4584 24
4544 4593 151
4563 4574 241
4585 4605 159
4591 4608 138
4602 4638 3
4611 4634 37
4631 4636 52
4634 4645 195
4662 4679 123
4684 4709 7
4714 4759 13
4733 4756 105
4752 4757 66
4767 4803 215
4775 4793 229
4785 4807 123
4798 4813 95
4801 4836 285
4806 4821 185
4823 4858 76
4833 4880 86
4841 4854 42
4850 4867 233
4877 4914 193
4901 4941 206
4910 4959 143
4933 4969 221
4951 4986 165
4973 4977 80
4985 5023 105
5006 5037 177
5029 5063 105
5044 5085 80
5044 5092 74
5053 5062 183
5064 5091 230
5072 5114 97
5076 5088 44
5085 5092 187
5104 5143 102
5121 5136 244
5138 5179 270
5161 5197 77
5167 5172 27
5167 5174 126
5179 5185 218
5203 5242 164
5222 5224 160
5224 5236 128
5252 5275 112
5262 5308 148
5291 5301 37
5321 5357 3
5325 5332 269
5345 5386 97
5348 5362 200
5359 5375 268
5381 5427 3
5385 5399 189
5408 5430 251
5427 5452 44
5431 5477 226
5447 5470 22
5476 5504 71
5501 5546 49
5502 5508 118
5504 5553 67
5529 5577 171
5531 5581 278
5537 5569 128
5547 5557 144
5560 5586 163
5587 5636 51
5597 5646 47
5624 5646 238
5633 5680 119
5636 5666 120
5664 5675 257
5690 5728 13
5704 5754 281
5719 5751 256
5745 5779 100
5768 5789 238
5796 5821 70
5816 5818 276
5826 5871 179
5844 5851 81
5850 5857 3
5861 5889 282
5861 5897 115
5890 5899 208
5916 5952 88
5927 5928 152
5936 5969 20
5963 5978 274
5975 6013 85
5979 6028 6
6004 6026 4
6012 6027 271
6018 6024 142
6022 6051 161
6029 6060 291
6044 6054 69
6048 6093 83
6049 6055 70
6068 6075 260
6088 6137 240
6101 6115 161
6103 6114 199
6129 6137 247
6148 6156 197
6169 6216 78
6198 6210 45
6199 6239 242
6206 6233 11
6227 6259 33
6251 6280 40
6257 6260 74
6281 6319 73
6294 6341 82
6319 6347 69
6320 6364 63
6346 6356 72
6361 6386 193
6364 6404 35
6377 6410 80
6392 6423 194
6396 6419 152
6418 6420 49
6435 6461 250
6439 6447 59
6456 6458 155
6468 6495 159
6485 6529 210
6497 6545 198
6523 6529 246
6525 6555 228
6553 6573 13
6557 6558 83
6587 6621 149
6589 6627 106
6593 6611 100
6598 6629 69
6625 6651 270
6642 6663 143
6665 6674 70
6688 6698 64
6693 6710 45
6709 6728 87
6730 6765 182
6746 6770 48
6759 6802 225
6763 6806 175
6787 6793 239
6803 6816 224
6809 6846 74
6817 6820 290
6827 6865 266
6832 6834 64
6861 6873 174
6891 6927 38
6905 6936 104
6927 6958 271
6951 6974 7
6961 6995 169
6991 7030 240
7012 7052 296
7023 7066 153
7024 7025 5
7030 7049 232
7036 7060 45
7036 7050 62
7038 7087 287
7045 7090 93
7074 7124 270
7083 7103 59
7105 7150 207
7113 7124 174
7127 7165 152
7155 7181 80
7165 7181 193
7179 7224 188
7192 7232 226
7210 7258 190
7210 7229 88
7226 7237 5
7235 7266 86
7236 7271 200
7250 7264 264
7277 7301 239
7300 7305 220
7307 7354 110
7310 7339 231
7336 7349 60
7354 7367 252
7358 7391 92
7378 7424 14
7384 7411 128
7393 7419 132
7422 7471 252
7428 7471 154
7448 7481 99
7467 7469 150
7492 7538 124
7522 7565 71
7541 7567 208
7549 7584 103
7562 7566 135
7586 7625 162
7592 7606 133
7619 7665 73
7646 7649 138
7654 7673 138
7658 7690 101
7664 7684 190
7666 7705 77
7690 7704 55
7703 7711 231
7714 7715 84
7723 7768 260
7749 7781 36
7750 7791 290
7765 7796 144
7774 7784 282
7791 7803 200
7791 7832 201
7808 7850 104
7835 7883 241
7849 7870 85
7868 7880 179
7889 7898 117
7897 7945 18
7899 7921 228
7903 7931 110
7907 7945 158
7915 7921 31
7944 7960 290
7963 7980 45
7993 8032 99
7999 8021 239
8005 8049 113
8032 8070 276
8039 8082 188
8055 8067 8
8068 8087 218
8081 8083 292
8088 8095 16
8114 8161 37
8144 8187 11
8154 8159 209
8169 8211 101
8175 8223 13
8204 8251 296
8221 8237 116
8230 8231 14
8239 8253 37
8262 8266 295
8270 8282 97
8298 8340 195
8307 8325 162
8325 8359 58
8352 8402 136
8375 8382 36
8376 8396 132
8384 8399 232
8410 8419 149
8440 8443 211
8450 8497 9
8468 8515 287
8494 8497 136
8509 8536 16
8534 8546 155
8561 8607 117
8591 8624 231
8607 8637 7
8623 8646 211
8630 8632 22
8631 8677 8
8650 8676 155
8661 8689 145
8677 8716 32
8682 8726 16
8702 8737 189
8716 8740 93
8724 8755 203
8754 8778 237
8770 8779 141
8771 8779 243
8773 8799 276
8776 8805 222
8780 8817 144
8795 8803 266
8795 8830 45
8824 8855 277
8846 8894 265
8874 8916 143
8900 8933 259
8903 8948 298
8919 8950 26
8944 8993 119
8963 8976 234
8963 9008 193
8975 9003 132
8985 9011 233
9000 9011 207
9019 9039 22
9031 9046 140
9040 9076 215
9068 9109 101
9090 9105 284
9093 9102 48
9114 9131 190
9118 9132 164
9143 9158 21
9167 9205 185
9193 9207 178
9206 9229 284
9218 9231 80
9238 9262 145
9266 9269 227
9295 9334 165
9317 9320 181
9346 9355 82
9351 9373 279
9379 9401 63
9386 9422 24
9387 9413 52
9391 9397 86
9399 9425 118
9425 9459 44
9428 9456 115
9429 9473 272
9431 9470 200
9453 9460 215
9462 9508 199
9470 9518 268
9478 9495 239
9482 9509 266
9488 9509 194
9514 9536 253
9541 9569 21
9546 9572 194
9551 9594 272
9579 9623 290
9597 9609 32
9600 9625 66
9620 9638 133
9648 9668 264
9678 9715 113
9678 9710 176
9698 9708 221
9699 9711 93
9703 9716 101
9722 9736 1
9743 9779 160
9769 9796 78
9781 9825 248
9802 9835 117
9832 9848 38
9856 9906 44
9864 9872 27
9880 9902 188
9907 9919 120
9907 9950 60
9909 9951 223
9911 9923 244
9928 9962 28
9953 9964 197
9979 9981 138
9997 10023 67
10025 10039 267
10047 10075 281
10073 10101 176
10080 10089 258
10091 10139 227
10106 10125 198
10120 10138 3
10131 10180 4
10140 10170 9
10164 10185 63
10177 10178 67
10199 10202 211
10207 10237 118
10229 10232 150
10253 10261 180
10281 10328 239
10302 10312 251
10315 10327 242
10328 10361 294
10346 10352 174
10358 10368 52
10382 10430 271
10390 10439 179
10398 10402 268
10420 10436 6
10429 10441 249
10435 10479 72
10463 10508 96
10484 10516 65
10497 10504 264
10510 10540 7
10537 10581 23
10544 10567 267
10550 10580 218
10560 10603 279
10585 10622 164
10595 10642 111
10611 10613 151
10641 10687 12
10663 10713 240
10682 10697 275
10700 10722 262
10730 10767 172
10753 10799 165
10778 10786 237
10783 10791 1
10798 10841 141
10826 10870 263
10826 10863 9
10847 10897 272
10872 10886 233
10898 10919 132
10909 10913 198
10919 10961 66
10946 10979 220
10962 11001 82
10963 10968 37
10980 11030 256
10996 11009 245
11007 11019 129
11033 11076 149
11051 11071 211
11072 11081 1
11083 11099 194
11104 11126 250
11108 11155 17
11116 11125 278
11125 11130 257
11154 11204 52
11178 11220 85
11186 11218 8
11195 11223 96
11195 11201 212
11208 11236 64
11226 11229 229
11238 11269 49
11245 11276 110
11267 11290 9
11294 11333 91
11305 11320 121
11318 11322 273
11321 11367 117
11329 11367 285
11351 11360 275
11376 11389 189
11388 11395 53
11404 11406 165
11410 11429 272
11415 11456 280
11421 11427 188
11440 11470 137
11453 11490 133
11457 11465 287
11484 11522 176
11497 11521 243
11498 11515 170
11511 11561 74
11517 11535 45
11526 11532 122
11529 11540 271
11537 11569 35
11553 11572 54
11582 11591 297
11598 11645 185
11604 11616 91
11607 11630 95
11609 11624 24
11625 11645 28
11639 11640 127
11654 11664 74
11671 11700 182
11685 11701 145
11685 11704 273
11697 11712 159
11726 11729 159
11726 11756 15
11729 11774 70
11741 11778 135
11757 11790 206
11786 11832 122
11791 11817 128
11805 11849 267
11814 11845 299
11840 11878 226
11842 11889 40
11866 11886 16
11888 11909 113
11916 11957 57
11942 11956 118
11949 11998 282
11979 12026 189
11981 11997 19
11982 11998 20
12009 12031 267
12030 12047 69
12033 12077 251
12055 12088 43
12076 12083 186
12098 12114 243
12124 12160 296
12143 12162 125
12171 12220 162
12190 12206 183
12219 12264 78
12223 12273 29
12249 12281 112
12268 12284 194
12293 12340 60
12309 12334 108
12310 12351 105
12314 12335 231
12326 12327 46
12329 12361 30
12357 12392 49
12358 12371 59
12368 12411 87
12392 12396 180
12395 12399 223
12396 12420 81
12417 12446 205
12444 12487 56
12466 12473 123
12480 12484 17
12493 12532 248
12501 12527 83
12515 12553 195
12534 12584 209
12543 12552 135
12548 12580 92
12567 12571 250
12575 12608 34
12604 12622 136
12630 12664 187
12642 12676 184
12653 12683 130
12653 12663 179
12674 12717 122
12702 12725 214
12713 12719 283
12734 12748 199
12739 12755 264
12756 12762 105
12764 12771 82
12765 12775 117
12793 12800 254
12797 12841 112
12823 12840 64
12828 12865 220
12856 12889 261
12882 12885 232
12907 12930 267
12911 12918 117
12915 12928 261
12941 12979 6
12955 12977 46
12963 13001 83
12965 13010 197
12977 13013 190
12982 13011 46
13000 13031 239
13029 13044 3
13056 13096 206
13072 13076 7
13084 13102 75
13095 13124 80
13110 13144 263
13131 13168 259
13157 13189 300
13178 13187 97
13199 13230 271
13222 13269 42
13235 13241 28
13253 13263 228
13254 13256 286
13272 13304 169
13300 13327 287
13322 13336 53
13338 13379 15
13343 13354 170
13356 13357 292
13379 13409 18
13383 13402 65
13402 13433 217
13426 13444 23
13455 13479 241
13467 13509 86
13468 13504 2
13482 13499 98
13498 13520 43
13527 13548 102
13553 13603 17
13572 13615 59
13593 13612 26
13604 13635 110
13620 13622 212
13641 13664 57
13668 13678 248
13672 13714 208
13686 13688 234
13693 13732 271
13714 13757 77
13727 13731 25
13746 13763 131
13756 13800 28
13782 13792 253
13805 13850 273
13829 13860 292
13831 13870 37
13854 13856 138
13868 13881 245
13893 13922 215
13893 13942 157
13900 13947 261
13930 13937 104
13944 13983 40
13946 13985 263
13975 14000 120
13984 14015 154
13995 14031 115
14025 14062 288
14051 14055 247
14066 14110 96
14074 14095 33
14075 14076 94
14087 14088 21
14110 14126 163
14135 14140 8
14165 14210 212
14168 14190 93
14195 14208 226
14220 14236 135
14224 14249 169
14234 14270 112
14235 14241 260
14264 14308 86
14269 14299 168
14295 14328 229
14304 14339 195
14317 14331 182
14346 14373 138
14352 14389 210
14382 14386 148
14386 14401 291
14413 14443 140
14420 14457 237
14444 14476 74
14464 14512 118
14464 14485 163
14466 14483 47
14488 14531 218
14517 14546 54
14546 14553 95
14556 14570 197
14564 14601 132
14591 14610 145
14600 14610 75
14630 14655 19
14641 14665 300
14660 14664 119
14689 14691 201
14716 14720 291
14745 14774 140
14765 14784 292
14777 14821 54
14780 14816 8
14790 14799 26
14790 14829 289
14818 14834 241
14848 14887 81
14852 14893 80
14852 14899 35
14865 14875 106
14869 14918 287
14889 14898 57
14898 14910 270
14904 14918 218
14933 14963 81
14953 14996 32
14963 14991 94
14964 14984 119
14965 14998 141
14994 15041 168
15006 15025 130
15008 15037 222
15031 15051 248
15054 15090 175
15074 15106 298
15096 15141 25
15108 15125 222
15138 15149 90
15157 15162 114
15174 15190 219
15194 15208 66
15210 15217 38
15221 15245 83
15228 15248 204
15235 15256 9
