5000
26 68 253
41 89 153
61 70 238
66 98 274
82 128 188
110 145 125
125 174 191
149 168 136
159 187 200
178 223 247
185 189 5
202 222 69
202 217 182
222 260 229
224 265 168
249 262 42
266 292 36
295 318 282
309 317 101
321 334 284
326 332 245
352 401 229
356 399 84
369 390 42
380 422 101
386 433 11
398 401 101
423 463 44
423 471 146
435 449 208
465 501 147
484 532 219
487 534 179
506 540 266
508 526 134
522 541 99
542 592 176
543 563 60
546 564 23
553 589 140
575 594 64
594 623 63
596 634 231
607 635 18
613 638 80
639 679 144
659 688 257
663 678 41
689 735 161
690 718 144
714 760 182
718 731 142
726 768 219
726 745 223
752 764 97
767 771 231
780 795 48
810 818 69
818 848 29
828 856 14
834 865 82
855 860 23
880 887 190
910 950 29
927 959 172
928 968 188
932 945 70
937 950 143
961 967 41
991 1028 98
1006 1041 187
1020 1041 268
1036 1044 279
1051 1060 139
1051 1079 128
1071 1105 249
1089 1103 213
1098 1110 228
1123 1134 264
1148 1150 2
1163 1194 102
1168 1212 18
1172 1212 104
1201 1244 189
1215 1218 245
1244 1274 269
1270 1271 158
1293 1308 151
1308 1327 101
1313 1318 51
1326 1342 58
1333 1360 276
1339 1382 224
1348 1370 231
1369 1402 196
1372 1392 212
1387 1408 132
1406 1449 221
1430 1458 130
1438 1442 43
1460 1501 213
1481 1491 26
1496 1540 206
1507 1543 52
1510 1546 251
1535 1572 292
1552 1560 115
1578 1607 48
1593 1629 75
1613 1617 224
1640 1647 2
1649 1676 189
1665 1669 246
1675 1713 45
1691 1722 194
1712 1735 44
1741 1790 178
1743 1768 256
1762 1776 238
1785 1810 170
1807 1848 22
1819 1839 32
1844 1894 64
1874 1895 228
1903 1921 209
1933 1944 51
1954 1993 158
1976 2007 83
1992 1995 16
2008 2029 150
2008 2016 60
2013 2017 205
2042 2068 185
2043 2052 20
2045 2082 270
2066 2077 274
2067 2084 75
2081 2086 163
2105 2113 101
2105 2153 124
2130 2167 196
2155 2170 54
2165 2212 111
2191 2236 88
2199 2216 140
2228 2231 189
2254 2268 9
2276 2286 26
2285 2327 72
2297 2328 28
2323 2348 238
2353 2382 227
2357 2371 192
2372 2394 287
2381 2418 253
2388 2428 69
2416 2465 71
2443 2444 8
2466 2468 136
2487 2515 80
2516 2549 237
2519 2561 196
2532 2563 37
2552 2560 151
2577 2600 261
2604 2619 272
2626 2643 217
2637 2680 4
2664 2693 149
2676 2684 3
2695 2741 121
2709 2711 7
2718 2729 2
2725 2756 19
2727 2772 196
2735 2759 270
2751 2773 62
2756 2802 232
2781 2824 272
2790 2812 212
2794 2823 219
2809 2845 278
2825 2861 173
2854 2856 276
2866 2905 153
2893 2903 146
2915 2947 30
2941 2953 198
2944 2960 136
2970 3005 106
2983 3024 87
2988 3035 250
3001 3016 220
3006 3023 193
3023 3038 52
3033 3075 215
3050 3054 48
3061 3063 30
3062 3085 231
3090 3092 44
3114 3146 93
3124 3153 29
3142 3150 178
3162 3181 135
3162 3170 55
3192 3223 55
3192 3205 83
3213 3233 144
3243 3266 156
3244 3274 148
3254 3267 56
3274 3312 252
3297 3333 286
3317 3323 200
3327 3358 2
3328 3344 45
3338 3346 274
3348 3373 27
3363 3399 283
3365 3388 190
3368 3370 223
3369 3399 63
3381 3392 16
3399 3427 275
3420 3422 245
3424 3432 169
3436 3440 212
3444 3477 160
3463 3478 288
3492 3536 202
3492 3540 3
3493 3506 78
3519 3565 66
3527 3568 233
3553 3594 279
3572 3594 101
3591 3602 270
3616 3665 174
3632 3667 176
3658 3676 119
3663 3674 298
3675 3716 123
3705 3733 117
3734 3743 89
3740 3776 124
3742 3776 178
3751 3794 200
3775 3796 99
3797 3837 17
3818 3854 128
3833 3880 256
3848 3859 179
3857 3871 161
3868 3891 43
3895 3914 232
3925 3947 242
3930 3946 56
3935 3984 122
3949 3955 173
3953 3972 244
3957 4001 73
3976 4012 199
3984 4021 119
3984 4027 297
3995 4011 25
4021 4023 160
4047 4086 144
4066 4095 98
4067 4089 16
4084 4116 22
4092 4108 122
4100 4115 215
4121 4129 70
4140 4179 239
4164 4169 111
4193 4211 188
4221 4223 23
4248 4285 176
4250 4286 190
4278 4291 261
4296 4340 181
4312 4351 83
4314 4331 69
4325 4343 168
4344 4376 79
4364 4405 185
4385 4400 47
4415 4449 80
4427 4463 184
4454 4460 177
4474 4489 127
4497 4507 125
4526 4560 204
4546 4549 5
4576 4584 187
4594 4598 4
4609 4628 62
4623 4642 73
4644 4668 234
4647 4694 211
4659 4683 139
4676 4700 293
4696 4742 175
4698 4726 115
4718 4743 296
4720 4736 267
4744 4792 26
4771 4796 281
4785 4821 275
4810 4820 55
4838 4844 71
4849 4864 156
4878 4897 132
4878 4915 46
4901 4951 19
4908 4940 194
4937 4960 290
4954 5001 96
4956 4975 33
4969 5013 120
4976 5018 182
4980 5011 110
4991 5038 273
5013 5024 291
5019 5045 86
5043 5077 1
5068 5105 284
5094 5130 101
5107 5148 199
5128 5155 233
5151 5197 190
5171 5175 72
5175 5181 194
5185 5227 52
5192 5197 183
5208 5258 286
5221 5229 251
5235 5273 18
5251 5278 266
5258 5307 242
5276 5300 236
5276 5309 63
5290 5318 205
5307 5314 57
5322 5324 58
5341 5363 292
5351 5369 12
5365 5400 37
5386 5426 42
5416 5451 119
5436 5474 162
5451 5485 238
5463 5471 92
5473 5516 218
5474 5475 28
5478 5516 34
5480 5491 199
5506 5540 16
5516 5529 103
5531 5581 196
5544 5547 88
5565 5592 244
5573 5585 32
5594 5623 153
5595 5624 177
5609 5623 273
5613 5625 149
5637 5687 84
5665 5697 204
5694 5711 122
5701 5733 179
5706 5728 15
5717 5729 273
5741 5788 227
5764 5807 47
5766 5813 265
5781 5803 190
5782 5796 285
5797 5833 72
5807 5815 151
5809 5825 26
5830 5859 106
5851 5869 24
5856 5876 12
5858 5886 146
5861 5875 297
5881 5898 208
5886 5899 109
5909 5937 51
5929 5954 282
5948 5998 254
5949 5996 98
5967 5981 146
5996 6003 173
6017 6067 185
6024 6068 261
6036 6083 211
6048 6057 129
6064 6094 262
6069 6107 163
6071 6121 234
6078 6084 87
6083 6085 28
6109 6112 163
6136 6158 182
6148 6156 51
6165 6182 287
6167 6179 155
6172 6211 154
6181 6213 110
6183 6219 62
6190 6203 51
6194 6210 18
6217 6228 223
6228 6236 61
6250 6286 123
6250 6283 229
6270 6319 213
6272 6307 162
6275 6281 95
6305 6337 193
6312 6324 86
6330 6353 167
6342 6351 224
6343 6385 296
6358 6380 274
6369 6391 211
6369 6393 26
6380 6391 1
6391 6441 264
6408 6436 60
6421 6443 174
6444 6467 185
6446 6496 145
6460 6492 49
6478 6520 9
6480 6495 27
6491 6492 132
6503 6535 37
6520 6530 187
6548 6563 295
6557 6576 82
6562 6573 39
6573 6614 79
6601 6627 233
6624 6658 98
6652 6692 22
6668 6709 3
6675 6685 66
6682 6701 101
6703 6733 243
6725 6748 252
6731 6740 162
6742 6788 164
6747 6783 22
6773 6789 214
6793 6839 294
6793 6820 203
6798 6825 135
6825 6852 23
6853 6900 139
6859 6871 162
6870 6905 75
6882 6932 271
6898 6903 62
6927 6959 197
6945 6985 139
6968 6983 132
6984 7008 272
7001 7012 206
7019 7022 222
7035 7047 103
7039 7067 68
7047 7083 209
7048 7096 121
7053 7058 86
7080 7085 34
7084 7115 122
7092 7115 261
7116 7133 145
7118 7148 27
7134 7164 298
7157 7180 257
7158 7208 148
7169 7207 36
7190 7229 149
7212 7234 164
7223 7245 243
7224 7253 156
7229 7248 192
7229 7277 102
7243 7257 263
7248 7265 139
7253 7257 208
7266 7305 103
7292 7329 79
7300 7312 169
7311 7353 172
7333 7351 46
7355 7363 86
7375 7418 86
7393 7436 106
7407 7455 94
7433 7477 179
7453 7492 13
7475 7496 298
7493 7535 145
7517 7566 164
7523 7548 270
7548 7584 78
7567 7609 236
7581 7611 41
7610 7639 127
7637 7643 86
7637 7670 38
7662 7665 108
7682 7715 259
7698 7736 170
7704 7715 52
7719 7754 111
7722 7739 94
7746 7768 205
7769 7805 103
7798 7801 96
7812 7819 104
7816 7862 33
7819 7865 165
7845 7873 298
7851 7860 152
7858 7907 80
7858 7860 179
7870 7904 164
7875 7891 263
7877 7920 137
7906 7947 200
7906 7932 128
7924 7947 111
7929 7940 292
7946 7960 64
7974 8017 298
7997 8033 196
8019 8064 158
8044 8085 278
8072 8096 111
8080 8122 163
8105 8109 5
8113 8120 63
8141 8155 7
8170 8187 84
8193 8237 100
8215 8244 132
8230 8264 11
8235 8268 267
8247 8290 16
8266 8316 76
8293 8321 216
8315 8321 140
8318 8330 57
8328 8378 195
8348 8396 29
8350 8379 258
8355 8381 78
8356 8388 40
8366 8382 194
8380 8382 163
8402 8438 23
8425 8475 61
8440 8476 255
8450 8451 222
8470 8494 131
8471 8502 192
8483 8514 13
8490 8491 123
8505 8534 265
8514 8521 232
8534 8545 191
8540 8590 219
8566 8613 116
8582 8600 24
8600 8601 29
8628 8655 194
8638 8640 124
8643 8688 295
8651 8700 86
8666 8702 125
8696 8721 38
8702 8719 258
8730 8769 186
8732 8782 240
8740 8777 246
8761 8782 237
8769 8795 81
8782 8794 23
8812 8813 95
8842 8862 233
8866 8883 115
8882 8925 85
8909 8955 190
8919 8966 161
8920 8925 22
8921 8936 31
8933 8953 167
8958 8960 249
8987 9019 278
8991 9008 8
9009 9032 257
9033 9044 129
9042 9066 243
9064 9081 205
9074 9102 34
9079 9104 147
9081 9122 258
9084 9112 145
9095 9106 45
9100 9147 232
9107 9130 80
9110 9135 48
9135 9173 258
9157 9175 136
9171 9206 92
9196 9244 136
9201 9240 189
9220 9268 182
9237 9244 259
9248 9251 38
9249 9286 258
9258 9305 19
9259 9293 75
9268 9280 54
9280 9291 106
9283 9331 255
9299 9327 265
9300 9323 11
9314 9348 34
9314 9355 157
9322 9356 209
9322 9358 64
9326 9370 248
9342 9382 170
9364 9368 233
9365 9384 110
9376 9398 286
9391 9421 159
9411 9455 56
9430 9464 286
9431 9451 255
9434 9477 87
9447 9473 18
9462 9510 98
9472 9491 18
9474 9484 71
9483 9499 4
9510 9517 13
9512 9519 88
9518 9522 230
9528 9557 250
9536 9576 81
9538 9558 153
9564 9569 109
9594 9599 105
9614 9639 164
9635 9664 158
9663 9698 11
9688 9716 75
9695 9725 7
9706 9729 266
9726 9745 212
9735 9767 33
9758 9792 51
9761 9793 161
9766 9791 78
9772 9792 168
9790 9814 196
9790 9826 119
9797 9842 70
9824 9850 120
9826 9873 102
9826 9847 201
9854 9858 260
9859 9872 147
9864 9900 105
9885 9935 108
9889 9892 236
9889 9934 137
9890 9916 277
9917 9934 261
9924 9929 187
9931 9964 133
9944 9974 123
9971 9984 54
9975 10006 146
9990 10023 88
9992 10020 286
9997 10018 160
10006 10051 300
10027 10043 144
10035 10077 187
10035 10074 189
10047 10055 70
10074 10100 32
10096 10137 213
10107 10134 105
10128 10175 246
10158 10183 83
10158 10181 42
10166 10191 135
10196 10222 60
10216 10235 90
10240 10279 169
10270 10311 35
10272 10288 226
10299 10349 55
10326 10363 81
10345 10392 126
10351 10399 148
10381 10397 1
10406 10425 274
10408 10425 139
10421 10456 35
10446 10476 193
10447 10458 243
10452 10467 231
10453 10461 281
10482 10523 89
10483 10504 250
10491 10492 20
10520 10534 188
10550 10593 256
10575 10610 189
10588 10616 53
10590 10592 178
10609 10631 95
10639 10641 288
10648 10684 204
10663 10669 246
10678 10706 78
10705 10725 48
10713 10744 220
10735 10740 13
10751 10801 44
10760 10770 277
10764 10773 205
10781 10791 112
10788 10815 288
10814 10845 152
10819 10864 228
10841 10854 175
10871 10884 208
10881 10883 292
10890 10893 299
10896 10901 17
10913 10954 145
10920 10959 63
10939 10989 274
10951 11000 200
10954 11004 17
10974 10999 293
10997 11020 211
11009 11026 222
11033 11071 220
11035 11083 140
11052 11101 214
11062 11100 100
11076 11096 220
11083 11100 99
11088 11131 177
11112 11122 231
11130 11154 236
11131 11162 62
11137 11157 154
11143 11164 123
11151 11168 240
11181 11186 68
11183 11226 26
11213 11258 40
11229 11272 248
11247 11283 268
11264 11309 205
11281 11285 7
11294 11328 9
11297 11339 123
11308 11325 242
11333 11340 99
11338 11374 139
11344 11373 18
11344 11359 141
11363 11396 142
11379 11384 61
11409 11426 15
11414 11417 60
11442 11444 61
11470 11482 17
11497 11547 144
11508 11535 73
11529 11557 152
11557 11605 247
11561 11580 25
11565 11608 188
11577 11583 119
11590 11601 175
11596 11608 154
11621 11633 219
11630 11649 224
11636 11653 117
11666 11699 82
11690 11707 119
11711 11716 150
11715 11736 112
11737 11771 300
11753 11785 162
11762 11773 137
11783 11795 148
11786 11795 78
11812 11861 18
11815 11853 32
11831 11875 119
11851 11894 160
11880 11903 111
11892 11896 82
11902 11938 223
11919 11929 74
11938 11966 262
11951 11979 99
11976 12004 195
11991 12003 75
12010 12016 215
12036 12073 23
12045 12061 12
12070 12074 111
12088 12137 96
12113 12134 135
12127 12171 56
12150 12151 269
12162 12203 26
12191 12199 51
12209 12213 250
12238 12277 188
12253 12269 15
12273 12321 143
12281 12328 160
12294 12302 276
12316 12347 221
12326 12372 194
12356 12371 102
12376 12391 4
12393 12402 224
12393 12405 167
12414 12462 254
12423 12428 18
12431 12458 66
12444 12452 65
12462 12495 166
12491 12514 10
12511 12521 59
12520 12549 154
12543 12560 213
12570 12597 159
12581 12589 11
12588 12609 136
12588 12598 86
12593 12623 43
12596 12603 45
12596 12638 226
12624 12671 25
12645 12660 241
12662 12670 128
12669 12699 239
12678 12686 159
12700 12702 188
12709 12734 192
12716 12748 53
12729 12736 23
12730 12749 163
12737 12761 239
12746 12747 47
12761 12787 139
12775 12816 128
12784 12786 50
12807 12824 215
12833 12879 166
12847 12876 117
12849 12886 294
12859 12872 135
12863 12911 131
12873 12906 113
12900 12907 17
12916 12930 50
12938 12973 158
12942 12985 282
12954 12997 81
12976 12977 128
12990 12991 145
12999 13030 30
13011 13042 137
13032 13052 160
13049 13054 67
13050 13087 50
13068 13095 44
13081 13109 233
13109 13144 98
13139 13155 81
13159 13160 293
13182 13206 91
13201 13244 212
13219 13266 127
13227 13251 277
13232 13255 197
13242 13275 143
13251 13266 161
13266 13291 254
13289 13292 267
13302 13347 157
13332 13351 56
13335 13340 171
13345 13375 289
13355 13360 268
13382 13415 269
13387 13422 140
13407 13451 187
13418 13452 33
13436 13482 250
13461 13482 250
13474 13490 85
13493 13530 279
13503 13505 299
13515 13520 107
13521 13560 156
13521 13526 95
13527 13531 232
13530 13568 116
13544 13567 26
13544 13577 251
13552 13556 114
13564 13592 116
13584 13610 124
13588 13599 167
13605 13640 183
13613 13617 215
13629 13639 29
13635 13636 194
13640 13660 267
13648 13673 198
13662 13679 146
13669 13683 68
13698 13712 117
13698 13727 265
13703 13730 159
13732 13772 166
13746 13792 92
13755 13795 252
13773 13813 197
13801 13845 75
13814 13822 277
13818 13820 140
13835 13877 7
13864 13874 194
13876 13894 8
13902 13916 227
13907 13920 52
13931 13939 141
13957 13958 18
13986 14000 173
13997 14046 35
14016 14047 219
14038 14055 290
14064 14083 152
14093 14103 186
14121 14165 288
14133 14183 229
14152 14169 218
14164 14184 140
14173 14174 145
14185 14194 215
14214 14219 252
14226 14267 244
14249 14276 55
14279 14312 186
14305 14337 103
14327 14332 214
14347 14388 244
14356 14393 70
14378 14397 225
14380 14416 6
14381 14385 230
14397 14439 201
14399 14445 30
14409 14432 90
14428 14438 161
14454 14473 222
14480 14512 128
14498 14542 161
14501 14537 68
14506 14512 149
14511 14560 88
14517 14547 62
14518 14547 217
14547 14592 1
14551 14600 108
14571 14585 285
14598 14600 109
14624 14656 220
14649 14668 149
14657 14706 249
14685 14699 126
14690 14694 12
14718 14756 15
14746 14760 67
14758 14781 37
14763 14811 64
14787 14807 284
14802 14851 41
14832 14877 178
14836 14867 258
14844 14878 135
14849 14886 138
14865 14888 179
14879 14923 12
14908 14944 16
14908 14922 190
14926 14953 124
14947 14955 66
14974 14998 282
14990 15007 141
14997 15008 28
15013 15021 129
15041 15053 228
15048 15079 64
15069 15111 205
15073 15099 196
15079 15126 16
15105 15106 36
15114 15125 51
15139 15165 231
15142 15184 191
15156 15159 93
15160 15170 171
15164 15205 62
15176 15182 76
15179 15192 201
15186 15230 87
15197 15204 175
15199 15212 273
15225 15241 264
15240 15281 192
15249 15297 39
15279 15308 145
15280 15310 294
15299 15341 106
15313 15316 104
15342 15386 161
15353 15383 56
15377 15385 114
15404 15442 85
15421 15447 230
15447 15460 143
15449 15483 251
15460 15470 49
15487 15516 72
15506 15513 7
15521 15556 235
15521 15554 236
15530 15579 264
15535 15540 64
15539 15540 179
15546 15550 9
15555 15561 280
15584 15623 242
15614 15629 172
15617 15662 40
15627 15666 41
15643 15661 10
15672 15685 221
15672 15707 264
15694 15717 137
15714 15741 140
15731 15741 35
15744 15773 188
15751 15790 23
15759 15763 189
15771 15774 296
15773 15806 284
15789 15799 290
15814 15849 246
15838 15843 135
15850 15887 19
15863 15883 280
15864 15903 123
15871 15890 32
15876 15907 57
15887 15912 231
15916 15960 136
15917 15938 34
15919 15964 234
15928 15949 265
15946 15992 43
15966 16001 250
15968 16002 144
15988 16017 89
16014 16035 230
16036 16044 24
16036 16085 9
16036 16085 63
16057 16083 25
16057 16079 23
16081 16130 134
16087 16115 270
16100 16150 171
16110 16135 292
16138 16187 197
16154 16177 221
16172 16198 214
16198 16241 21
16202 16220 212
16227 16270 272
16245 16294 17
16268 16305 222
16290 16330 66
16302 16305 4
16304 16339 10
16318 16320 75
16347 16393 198
16351 16392 40
16366 16384 157
16380 16404 9
16395 16416 270
16422 16429 170
16430 16471 191
16452 16492 21
16467 16492 88
16486 16494 145
16498 16506 42
16500 16540 256
16511 16548 264
16535 16581 122
16559 16574 223
16573 16589 60
16589 16604 262
16614 16634 12
16636 16658 274
16664 16679 214
16676 16702 237
16689 16698 100
16708 16750 217
16729 16750 130
16734 16780 233
16751 16778 260
16781 16805 221
16783 16814 232
16786 16819 185
16788 16801 140
16810 16837 71
16828 16871 18
16831 16853 242
16838 16859 176
16852 16893 88
16862 16864 252
16889 16921 237
16896 16926 225
16919 16958 149
16948 16990 295
16964 16989 195
16971 16985 43
16991 16997 111
16994 17037 17
17002 17049 299
17004 17014 126
17013 17049 27
17016 17041 123
17034 17082 251
17064 17100 23
17074 17106 229
17083 17112 293
17101 17117 284
17112 17121 74
17127 17131 273
17129 17130 115
17157 17158 202
17182 17220 149
17205 17254 7
17233 17271 281
17246 17278 185
17246 17263 46
17248 17259 251
17265 17304 110
17282 17331 80
17285 17286 195
17313 17336 154
17313 17347 256
17339 17375 140
17350 17376 19
17380 17403 281
17409 17452 66
17424 17458 285
17442 17467 115
17472 17473 37
17480 17525 284
17503 17550 223
17531 17537 117
17541 17547 45
17555 17601 1
17566 17598 286
17578 17589 35
17583 17585 297
17607 17614 270
17631 17675 1
17642 17663 165
17662 17707 102
17669 17693 129
17689 17712 104
17709 17730 256
17730 17752 273
17741 17775 292
17752 17797 171
17754 17776 78
17759 17800 293
17789 17804 116
17816 17818 117
17836 17873 106
17842 17862 171
17858 17895 225
17871 17875 108
17894 17902 113
17898 17921 187
17917 17938 112
17928 17961 27
17936 17972 147
17955 17973 29
17972 17996 178
17997 18012 126
18016 18037 2
18028 18036 60
18034 18063 51
18037 18050 167
18063 18080 288
18063 18101 276
18065 18108 204
18088 18111 218
18117 18139 274
18125 18160 172
18141 18187 155
18157 18186 38
18185 18232 71
18188 18220 271
18215 18224 160
18242 18291 100
18264 18312 79
18287 18288 98
18298 18345 34
18325 18368 99
18329 18334 297
18348 18369 277
18374 18397 76
18397 18412 298
18426 18429 253
18450 18491 58
18463 18473 54
18492 18541 289
18513 18562 167
18541 18554 195
18551 18584 84
18569 18606 23
18577 18585 205
18582 18606 41
18589 18611 184
18597 18625 149
18607 18655 22
18610 18624 144
18612 18659 276
18620 18660 135
18635 18684 233
18660 18705 190
18667 18697 271
18667 18693 123
18690 18729 29
18714 18717 106
18744 18747 144
18746 18781 262
18753 18791 5
18783 18825 37
18807 18855 35
18829 18857 217
18856 18864 16
18868 18884 129
18880 18925 251
18888 18931 67
18910 18946 100
18936 18962 124
18943 18945 69
18956 18983 146
18957 18995 69
18987 19037 179
18991 19000 44
19018 19040 131
19033 19061 290
19043 19083 178
19062 19066 46
19087 19098 283
19107 19109 42
19110 19151 42
19120 19135 137
19147 19173 282
19177 19205 146
19193 19231 129
19214 19253 138
19214 19253 223
19216 19242 258
19233 19263 174
19235 19284 102
19252 19292 27
19271 19273 65
19292 19329 229
19312 19358 159
19313 19330 278
19330 19373 226
19351 19352 251
19351 19376 146
19367 19411 223
19383 19429 52
19409 19424 203
19436 19486 258
19458 19486 36
19483 19490 129
19501 19547 199
19526 19539 181
19536 19546 200
19549 19594 152
19553 19599 212
19578 19623 119
19607 19608 83
19629 19643 75
19659 19670 15
19680 19721 66
19680 19712 180
19691 19705 258
19715 19717 292
19728 19740 284
19742 19776 9
19751 19778 47
19764 19808 257
19767 19797 242
19768 19808 68
19793 19804 218
19815 19850 153
19817 19850 120
19817 19830 162
19842 19859 240
19869 19917 72
19885 19887 270
19908 19951 194
19911 19917 284
19913 19938 75
19924 19951 5
19943 19948 196
19946 19972 266
19950 19952 215
19956 19971 21
19973 20011 115
19983 19995 112
20008 20035 89
20029 20062 211
20042 20051 122
20052 20075 263
20074 20101 50
20094 20136 22
20112 20138 245
20137 20173 273
20160 20181 198
20175 20219 6
20189 20217 45
20207 20253 247
20223 20257 23
20249 20252 104
20262 20284 270
20292 20341 48
20308 20319 159
20331 20370 162
20361 20363 231
20371 20404 84
20387 20428 121
20413 20436 189
20436 20467 289
20455 20491 125
20458 20493 190
20463 20508 26
20482 20496 255
20500 20519 299
20519 20549 62
20524 20557 82
20541 20585 117
20541 20588 16
20544 20555 9
20567 20586 57
20579 20613 258
20605 20621 142
20623 20655 51
20636 20669 201
20653 20672 180
20669 20699 93
20699 20715 205
20728 20768 131
20737 20755 48
20756 20790 91
20776 20803 299
20798 20833 251
20815 20856 72
20836 20859 38
20841 20876 190
20867 20904 241
20892 20915 65
20909 20936 13
20933 20958 78
20952 20994 243
20959 21000 31
20977 21005 97
20982 21018 265
20993 21007 159
21009 21018 32
21026 21051 174
21048 21068 13
21074 21082 147
21096 21133 207
21105 21146 109
21117 21125 174
21129 21134 159
21143 21172 289
21161 21198 36
21190 21216 90
21198 21248 170
21206 21209 116
21210 21227 256
21222 21256 169
21247 21260 283
21261 21300 193
21268 21280 71
21286 21332 276
21306 21356 110
21335 21342 162
21340 21358 184
21344 21390 57
21352 21354 45
21381 21408 59
21390 21421 157
21398 21402 170
21402 21428 88
21416 21447 81
21433 21447 297
21450 21458 298
21463 21487 224
21485 21490 218
21509 21556 137
21509 21555 79
21509 21536 58
21527 21567 135
21543 21552 120
21548 21584 102
21554 21592 75
21562 21595 125
21581 21609 240
21589 21594 100
21619 21642 229
21622 21645 267
21629 21676 179
21635 21650 100
21653 21687 170
21664 21693 208
21682 21702 58
21704 21752 298
21731 21740 188
21749 21778 81
21755 21805 146
21756 21770 110
21775 21796 191
21783 21791 165
21813 21863 21
21834 21860 262
21859 21898 263
21865 21884 17
21874 21883 54
21900 21908 292
21906 21934 213
21932 21954 73
21954 22003 85
21975 22012 60
22002 22042 62
22029 22065 22
22054 22093 95
22066 22070 144
22071 22098 94
22087 22113 146
22105 22137 224
22115 22117 70
22122 22126 163
22135 22150 184
22141 22181 240
22159 22206 91
22169 22205 154
22175 22183 40
22204 22222 5
22215 22249 62
22240 22265 157
22244 22268 291
22253 22264 228
22276 22299 58
22297 22322 157
22308 22336 199
22318 22355 189
22342 22382 38
22353 22397 257
22364 22403 104
22375 22388 138
22386 22414 201
22416 22454 53
22430 22443 25
22435 22460 50
22446 22474 175
22450 22498 128
22466 22485 162
22496 22507 169
22511 22522 278
22513 22518 107
22513 22560 35
22514 22547 294
22540 22553 298
22551 22554 95
22571 22574 220
22596 22638 239
22626 22647 150
22631 22659 218
22648 22664 131
22653 22700 64
22671 22695 159
22686 22704 144
22701 22748 232
22724 22726 129
22732 22739 54
22747 22755 44
22762 22765 177
22765 22775 288
22783 22794 206
22802 22823 185
22826 22851 7
22845 22847 17
22845 22885 263
22868 22889 197
22881 22903 260
22905 22943 170
22928 22932 35
22941 22967 133
22949 22994 21
22974 23001 212
22982 23024 40
23005 23042 18
23020 23028 19
23028 23073 53
23045 23085 186
23075 23105 102
23083 23104 64
23100 23144 17
23115 23151 245
23145 23191 265
23150 23190 223
23161 23169 77
23174 23189 42
23196 23201 199
23223 23254 290
23225 23230 116
23226 23276 244
23256 23271 84
23268 23269 234
23273 23320 133
23302 23349 46
23316 23339 223
23337 23386 60
23349 23365 87
23363 23382 101
23376 23422 124
23380 23422 142
23395 23402 128
23399 23442 261
23423 23450 157
23445 23456 44
23461 23479 137
23477 23515 253
23479 23485 89
23493 23536 265
23495 23523 94
23521 23570 272
23533 23555 244
23548 23558 255
23552 23563 25
23582 23629 263
23600 23605 27
23607 23614 191
23624 23627 37
23637 23642 246
23642 23684 144
23661 23677 77
23668 23687 261
23691 23734 178
23721 23722 297
23740 23783 57
23766 23809 18
23790 23804 64
23796 23820 199
23814 23838 145
23818 23837 224
23848 23882 13
23875 23918 65
23898 23924 24
23920 23964 173
23944 23984 55
23947 23997 241
23950 23952 211
23966 23967 8
23981 23988 241
23983 24016 131
23990 24001 260
24014 24038 48
24037 24066 58
24050 24053 110
24080 24101 169
24093 24136 26
24120 24143 41
24132 24178 182
24152 24171 73
24182 24206 26
24194 24222 129
24204 24222 202
24210 24246 282
24213 24234 83
24224 24239 113
24245 24246 20
24270 24285 141
24273 24303 274
24303 24352 131
24313 24337 216
24320 24366 222
24347 24364 173
24368 24391 185
24370 24393 73
24372 24385 76
24394 24430 226
24411 24449 70
24430 24458 287
24452 24483 178
24477 24507 91
24479 24499 91
24489 24520 167
24506 24545 250
24511 24545 227
24532 24569 118
24552 24557 150
24579 24583 165
24589 24622 11
24593 24635 280
24598 24637 244
24628 24636 144
24637 24647 1
24654 24660 208
24666 24667 193
24672 24707 262
24672 24695 246
24684 24691 58
24707 24718 226
24712 24719 289
24720 24767 8
24743 24777 272
24758 24796 175
24770 24787 261
24799 24849 295
24826 24847 242
24838 24853 70
24866 24894 251
24895 24945 288
24921 24930 121
24941 24958 215
24966 25005 135
24987 25037 225
24994 25031 112
25023 25027 249
25038 25046 160
25068 25082 196
25091 25102 238
25103 25135 172
25127 25173 100
25152 25182 160
25174 25178 180
25180 25199 182
25208 25248 106
25234 25282 102
25245 25254 58
25270 25307 243
25274 25290 136
25303 25323 289
25303 25350 219
25328 25347 189
25350 25369 299
25372 25376 16
25391 25408 39
25407 25415 281
25429 25444 36
25440 25476 141
25447 25450 109
25459 25466 222
25480 25524 232
25483 25524 71
25490 25498 47
25498 25527 169
25514 25559 262
25520 25559 170
25545 25591 203
25563 25566 151
25593 25606 223
25593 25630 70
25603 25627 148
25625 25660 42
25628 25651 238
25652 25701 32
25671 25688 181
25673 25696 195
25688 25738 211
25699 25703 45
25712 25720 43
25731 25749 212
25743 25792 30
25767 25768 194
25790 25823 263
25816 25836 232
25830 25851 71
25853 25854 45
25877 25923 155
25899 25931 286
25916 25921 84
25920 25961 198
25927 25933 247
25955 25970 165
25983 26007 94
26013 26015 35
26039 26083 11
26046 26060 208
26068 26072 3
26085 26134 268
26103 26146 200
26109 26143 65
26112 26144 61
26142 26169 103
26162 26175 8
26180 26211 41
26210 26217 8
26234 26239 180
26241 26255 54
26246 26265 32
26248 26296 102
26276 26286 145
26278 26308 90
26299 26335 150
26309 26329 202
26321 26354 119
26334 26346 249
26334 26346 220
26335 26373 80
26339 26375 259
26348 26375 208
26378 26423 93
26388 26400 20
26392 26421 84
26400 26433 164
26408 26417 102
26418 26446 33
26418 26449 24
26420 26427 38
26442 26472 143
26448 26460 81
26460 26464 195
26481 26519 105
26506 26526 91
26518 26541 249
26540 26590 14
26547 26578 149
26547 26580 272
26571 26582 251
26594 26603 172
26622 26656 73
26641 26682 254
26659 26661 74
26681 26723 146
26682 26700 251
26691 26722 252
26692 26723 63
26692 26725 181
26695 26720 21
26706 26753 106
26721 26725 68
26723 26751 8
26743 26750 256
26748 26757 152
26769 26818 25
26799 26803 290
26821 26867 234
26839 26844 1
26844 26863 21
26860 26901 194
26886 26927 237
26913 26940 236
26934 26982 132
26961 26983 37
26981 27027 145
26995 27036 156
27008 27053 100
27012 27060 240
27012 27061 79
27034 27072 124
27044 27078 15
27074 27113 95
27079 27106 150
27109 27138 135
27130 27155 39
27145 27190 143
27147 27166 147
27161 27184 25
27175 27185 111
27196 27209 70
27206 27253 266
27213 27254 216
27228 27244 266
27246 27260 86
27257 27268 297
27278 27309 118
27279 27325 32
27299 27334 82
27326 27356 159
27337 27365 158
27348 27395 60
27372 27402 207
27373 27380 259
27395 27397 69
27417 27461 31
27447 27468 28
27460 27494 3
27465 27513 182
27485 27513 86
27489 27495 63
27491 27516 114
27505 27550 251
27535 27537 24
27536 27546 80
27557 27560 47
27580 27628 95
27608 27618 86
27621 27638 253
27634 27658 253
27653 27683 99
27654 27675 63
27675 27699 126
27687 27729 36
27712 27754 73
27733 27765 63
27755 27797 295
27757 27775 195
27757 27797 116
27787 27800 219
27814 27822 129
27833 27877 99
27849 27872 30
27862 27910 150
27862 27900 170
27879 27915 208
27909 27923 3
27936 27943 224
27945 27973 108
27964 27992 92
27984 28009 89
27988 28012 258
28001 28019 2
28011 28047 247
28025 28036 117
28043 28051 109
28068 28116 130
28080 28091 260
28103 28148 120
28110 28145 54
28122 28145 298
28142 28168 41
28160 28178 203
28173 28176 88
28195 28244 130
28209 28212 105
28214 28230 262
28224 28257 130
28230 28255 62
28230 28262 217
28255 28273 31
28255 28281 117
28272 28282 175
28275 28313 64
28296 28302 295
28311 28314 110
28327 28348 273
28348 28379 184
28352 28379 298
28375 28395 148
28384 28434 170
28410 28455 282
28412 28418 10
28417 28431 39
28446 28489 108
28449 28459 127
28472 28498 104
28490 28518 119
28515 28559 44
28543 28565 32
28543 28589 268
28547 28549 91
28556 28579 146
28562 28586 240
28591 28640 146
28615 28623 34
28642 28650 94
28671 28680 165
28675 28695 105
28678 28691 293
28693 28711 209
28697 28713 252
28708 28745 274
28711 28718 218
28729 28756 270
28738 28777 241
28745 28792 96
28758 28806 215
28785 28788 190
28789 28808 247
28790 28819 148
28801 28831 276
28816 28863 60
28841 28868 291
28862 28867 120
28882 28920 138
28892 28903 45
28904 28944 50
28928 28956 16
28956 28979 289
28965 28975 66
28981 28995 112
28993 28994 130
29000 29018 59
29013 29023 283
29024 29033 220
29035 29047 28
29061 29090 274
29063 29086 22
29089 29094 60
29114 29131 163
29138 29141 227
29168 29202 66
29190 29201 218
29214 29217 215
29221 29256 151
29245 29254 41
29248 29267 248
29254 29269 125
29264 29314 104
29287 29321 71
29311 29340 74
29325 29375 162
29335 29339 149
29342 29386 245
29357 29384 105
29359 29403 94
29368 29404 55
29384 29391 47
29393 29397 2
29394 29442 44
29419 29435 98
29445 29448 71
29459 29475 170
29486 29490 50
29498 29503 209
29509 29546 288
29524 29548 232
29535 29562 23
29549 29552 190
29562 29564 288
29567 29614 16
29569 29581 38
29569 29616 173
29587 29592 250
29603 29636 180
29621 29645 165
29632 29645 179
29657 29671 121
29665 29697 50
29684 29696 71
29686 29690 165
29695 29705 124
29710 29723 198
29713 29750 161
29742 29774 154
29751 29777 298
29779 29816 25
29795 29818 10
29798 29812 180
29813 29848 191
29839 29861 219
29848 29894 210
29875 29878 52
29891 29908 122
29906 29939 80
29935 29952 57
29944 29964 193
29954 29955 94
29967 29981 232
29995 30008 180
30004 30017 265
30020 30032 268
30030 30066 65
30049 30083 144
30049 30064 12
30067 30095 289
30086 30091 16
30108 30148 59
30135 30143 83
30140 30190 129
30152 30176 91
30180 30225 167
30206 30224 298
30222 30264 273
30237 30280 204
30240 30277 40
30267 30273 293
30267 30309 137
30286 30317 153
30301 30323 54
30322 30367 45
30351 30393 238
30376 30383 224
30386 30392 4
30396 30440 102
30420 30456 128
30432 30476 246
30446 30482 220
30459 30463 207
30478 30520 31
30482 30488 29
30510 30514 255
30521 30555 268
30525 30533 187
30529 30556 167
30547 30574 167
30552 30581 257
30574 30585 61
30595 30606 170
30595 30642 66
30595 30614 277
30615 30639 151
30628 30665 76
30646 30656 154
30663 30692 96
30678 30690 11
30699 30742 273
30706 30734 62
30722 30754 39
30728 30768 12
30755 30801 243
30767 30781 208
30788 30813 280
30809 30831 290
30822 30830 72
30850 30891 19
30860 30875 147
30865 30896 67
30883 30904 133
30908 30924 131
30912 30958 230
30939 30955 31
30963 30999 49
30990 31035 218
31011 31018 283
31025 31056 147
31040 31065 153
31054 31102 47
31062 31092 108
31074 31100 41
31080 31084 241
31090 31124 33
31102 31148 4
31126 31168 68
31134 31177 184
31140 31187 209
31152 31200 280
31176 31217 236
31198 31245 89
31205 31249 40
31231 31232 254
31243 31263 1
31263 31266 276
31266 31278 105
31285 31306 44
31285 31328 171
31315 31352 101
31331 31375 1
31334 31352 152
31361 31394 168
31391 31398 233
31418 31459 122
31440 31474 53
31449 31480 24
31460 31476 72
31471 31520 197
31488 31494 201
31518 31538 154
31520 31527 155
31534 31555 154
31554 31564 43
31557 31576 144
31571 31600 46
31582 31607 2
31590 31626 285
31603 31635 180
31614 31650 167
31628 31673 300
31652 31692 162
31675 31711 134
31682 31716 280
31694 31718 300
31717 31739 35
31745 31794 153
31754 31782 215
31754 31798 59
31774 31785 20
31785 31787 16
31805 31829 264
31829 31845 253
31841 31885 125
31868 31908 109
31869 31876 109
31871 31913 270
31892 31904 137
31920 31925 276
31929 31967 46
31954 31974 3
31954 31967 92
31969 31984 290
31972 31982 118
32001 32013 279
32020 32067 207
32028 32077 266
32039 32047 50
32065 32103 205
32072 32084 291
32084 32121 208
32088 32128 209
32094 32110 44
32101 32140 223
32110 32154 276
32113 32151 236
32123 32161 67
32144 32155 104
32149 32189 295
32155 32196 80
32164 32195 20
32174 32218 208
32197 32239 175
32214 32218 24
32242 32243 188
32255 32304 186
32263 32265 235
32266 32274 143
32268 32281 129
32298 32313 69
32325 32333 37
32354 32400 172
32380 32411 55
32382 32414 139
32397 32430 49
32408 32454 264
32421 32437 271
32451 32499 136
32463 32513 49
32480 32481 98
32497 32537 31
32511 32532 172
32524 32564 177
32545 32593 182
32548 32565 221
32570 32599 216
32600 32626 97
32626 32660 290
32630 32640 35
32649 32672 235
32668 32707 295
32681 32728 197
32687 32707 183
32705 32715 14
32731 32768 166
32744 32778 52
32756 32800 236
32785 32835 77
32791 32834 250
32818 32852 21
32833 32882 272
32857 32901 174
32883 32921 240
32888 32901 25
32908 32926 86
32914 32937 111
32935 32979 64
32950 32972 220
32969 32973 113
32970 32974 65
32980 32982 274
32983 33015 44
33011 33043 109
33013 33034 19
33031 33078 140
33056 33063 179
33065 33086 93
33085 33118 269
33106 33107 195
33122 33134 7
33152 33154 68
33166 33204 229
33183 33216 157
33200 33201 51
33214 33260 149
33238 33243 129
33243 33261 136
33252 33300 242
33256 33259 211
33283 33307 252
33291 33297 123
33305 33333 36
33310 33321 80
33318 33359 220
33327 33352 84
33355 33396 189
33380 33419 54
33405 33431 194
33415 33456 115
33438 33488 7
33451 33473 29
33456 33461 201
33463 33492 22
33463 33480 132
33484 33493 161
33498 33535 31
33514 33561 57
33540 33544 202
33567 33589 117
33594 33610 211
33603 33632 194
33611 33642 30
33626 33629 237
33656 33680 159
33661 33680 235
33684 33723 294
33709 33737 210
33727 33762 168
33727 33759 124
33736 33743 190
33752 33753 287
33781 33818 33
33782 33785 202
33791 33818 294
33814 33839 127
33834 33872 127
33862 33908 209
33891 33940 59
33912 33960 121
33941 33952 36
33947 33977 88
33953 33960 165
33978 34008 188
33999 34013 168
34002 34036 77
34010 34022 287
34019 34069 68
34042 34076 49
34050 34052 83
34071 34082 146
34086 34134 191
34103 34104 19
34121 34160 68
34130 34143 100
34140 34173 176
34147 34151 112
34174 34178 258
34193 34212 156
34195 34226 293
34201 34212 183
34213 34256 97
34238 34252 189
34245 34271 64
34254 34302 37
34254 34266 19
34276 34317 173
34296 34305 93
34306 34325 242
34326 34343 157
34330 34337 89
34348 34358 190
34367 34407 105
34387 34397 142
34409 34418 11
34418 34420 119
34427 34475 236
34430 34431 165
34445 34478 146
34445 34474 7
34450 34485 295
34451 34501 25
34451 34489 291
34471 34516 34
34500 34532 20
34524 34537 293
34551 34552 280
34567 34579 225
34594 34609 180
34601 34625 6
34603 34611 8
34618 34666 169
34642 34646 193
34653 34694 205
34656 34701 193
34676 34708 109
34695 34741 210
34702 34738 98
34728 34762 270
34734 34748 94
34734 34744 255
34747 34783 110
34776 34799 15
34783 34805 152
34805 34830 22
34808 34836 72
34811 34826 292
34829 34876 103
34858 34894 255
34863 34900 162
34881 34930 233
34884 34897 82
34891 34910 246
34912 34928 40
34928 34955 242
34954 35001 199
34982 34993 235
34993 35004 220
35021 35044 208
35036 35051 65
35044 35090 295
35060 35088 249
35085 35091 57
35109 35129 26
35128 35148 270
35128 35133 145
35157 35180 184
35163 35195 131
35175 35186 294
35187 35226 66
35216 35222 262
35241 35262 71
35264 35276 56
35279 35290 102
35295 35335 172
35305 35338 70
35333 35382 217
35340 35354 65
35368 35414 285
35396 35438 168
35420 35434 67
35447 35483 133
35454 35498 134
35472 35521 247
35475 35485 19
35493 35533 146
35517 35528 229
35533 35565 258
35553 35571 158
35562 35588 10
35580 35630 15
35581 35621 4
35582 35590 29
35606 35612 243
35610 35631 255
35626 35629 83
35644 35690 122
35662 35711 248
35692 35737 147
35710 35727 207
35730 35748 144
35731 35765 127
35760 35777 103
35761 35784 54
35762 35784 223
35770 35809 262
35778 35818 268
35779 35798 216
35808 35842 159
35818 35839 94
35835 35860 51
35844 35858 280
35865 35912 299
35882 35901 277
35901 35950 143
35916 35964 276
35941 35978 267
35947 35984 14
35968 36007 242
35982 36020 146
35984 36021 180
35994 36006 93
36007 36053 72
36014 36021 139
36024 36059 157
36041 36056 16
36068 36116 26
36096 36117 41
36112 36147 213
36136 36167 236
36137 36183 89
36143 36153 294
36161 36193 117
36184 36229 258
36191 36234 56
36210 36258 273
36223 36268 284
36231 36232 285
36248 36295 269
36255 36299 78
36266 36306 255
36266 36290 214
36296 36334 97
36312 36350 154
36329 36375 94
36348 36369 85
36356 36398 182
36383 36418 58
36403 36434 52
36412 36420 206
36436 36474 63
36438 36484 94
36461 36502 186
36490 36517 134
36503 36550 86
36533 36576 169
36543 36579 286
36571 36581 32
36571 36596 177
36577 36620 251
36601 36613 163
36630 36677 108
36647 36687 211
36656 36664 135
36670 36676 8
36689 36721 203
36708 36755 277
36726 36742 102
36746 36764 198
36772 36806 13
36776 36790 173
36776 36803 161
36803 36843 271
36819 36848 267
36840 36862 131
36861 36882 207
36872 36906 16
36901 36935 124
36907 36934 161
36912 36921 30
36941 36970 181
36955 36958 17
36982 36997 53
36987 36991 241
37009 37023 106
37035 37068 236
37064 37096 229
37081 37084 87
37108 37114 75
37132 37169 186
37162 37166 161
37178 37183 252
37197 37228 253
37223 37261 154
37238 37250 253
37268 37316 174
37269 37271 83
37292 37337 47
37292 37328 100
37300 37336 266
37318 37335 203
37342 37372 143
37369 37419 128
37370 37417 90
37378 37398 9
37408 37430 11
37429 37474 79
37442 37463 190
37470 37493 282
37472 37497 38
37484 37511 145
37490 37493 16
37519 37541 241
37548 37554 7
37573 37577 182
37575 37598 278
37585 37632 209
37615 37635 252
37627 37675 264
37648 37671 177
37652 37693 290
37677 37713 258
37688 37722 61
37709 37748 254
37720 37766 11
37730 37774 96
37751 37775 215
37755 37783 87
37770 37772 135
37773 37809 299
37790 37832 185
37801 37814 261
37813 37841 259
37823 37868 232
37837 37852 149
37867 37897 264
37871 37918 279
37876 37902 221
37885 37908 241
37912 37954 174
37912 37947 131
37941 37957 26
37950 37963 231
37975 38021 31
37999 38007 161
38003 38018 271
38020 38069 38
38048 38049 242
38064 38105 145
38091 38117 20
38112 38135 153
38142 38158 298
38145 38173 217
38167 38175 243
38188 38223 298
38201 38208 181
38211 38222 286
38229 38269 278
38246 38295 75
38256 38288 44
38258 38278 121
38272 38319 171
38292 38306 222
38312 38315 241
38332 38373 117
38344 38364 184
38346 38350 210
38364 38391 146
38365 38384 70
38383 38432 295
38401 38449 56
38416 38458 55
38417 38461 212
38431 38434 191
38449 38491 156
38462 38490 134
38470 38477 151
38471 38509 214
38487 38529 31
38495 38545 13
38507 38555 68
38536 38569 299
38559 38587 180
38560 38605 92
38586 38625 143
38607 38656 51
38613 38661 144
38640 38651 274
38644 38652 30
38674 38719 38
38684 38697 184
38710 38755 294
38719 38766 101
38738 38745 93
38766 38785 97
38766 38802 104
38791 38826 166
38812 38819 269
38814 38817 72
38841 38851 292
38863 38899 166
38877 38885 168
38884 38926 70
38891 38932 170
38912 38939 93
38922 38935 269
38935 38936 80
38962 38994 202
38965 39003 173
38977 39011 58
38989 39030 115
39008 39018 15
39025 39061 6
39040 39072 213
39065 39115 81
39086 39129 44
39091 39096 128
39104 39125 34
39117 39128 3
39133 39178 277
39151 39199 249
39173 39183 54
39198 39232 145
39208 39246 33
39228 39271 99
39257 39261 219
39269 39303 292
39280 39284 121
39293 39313 117
39318 39355 279
39338 39361 278
39357 39361 212
39357 39366 30
39376 39414 71
39401 39443 101
39424 39432 259
39428 39477 168
39457 39500 248
39475 39482 191
39504 39508 72
39517 39552 250
39539 39550 210
39547 39576 274
39577 39610 90
39585 39615 133
39603 39628 154
39614 39655 287
39617 39627 100
39628 39674 68
39630 39670 275
39632 39659 113
39662 39692 152
39689 39736 47
39719 39721 249
39735 39766 97
39752 39766 16
39755 39757 293
39760 39791 50
39779 39829 92
39795 39804 152
39799 39813 13
39806 39854 86
39811 39839 213
39821 39832 276
39828 39840 289
39836 39884 105
39844 39849 135
39846 39879 178
39872 39917 150
39887 39926 26
39909 39924 263
39915 39926 62
39918 39932 243
39924 39973 69
39942 39950 54
39972 40001 229
39986 40035 99
39997 40014 99
40000 40030 108
40003 40026 291
40013 40035 130
40021 40047 86
40036 40058 60
40050 40089 240
40071 40088 39
40091 40132 180
40096 40128 170
40113 40161 197
40133 40155 176
40135 40176 15
40141 40157 149
40145 40190 177
40170 40201 112
40195 40200 245
40201 40213 80
40215 40242 15
40229 40244 238
40253 40276 78
40268 40274 278
40283 40304 88
40286 40336 259
40291 40294 195
40291 40337 243
40300 40315 99
40327 40345 64
40333 40371 64
40351 40386 1
40380 40399 91
40392 40420 187
40401 40437 105
40427 40430 34
40430 40455 175
40452 40486 174
40481 40515 267
40486 40494 155
40486 40519 291
40503 40532 230
40513 40520 261
40528 40539 50
40536 40578 209
40554 40580 156
40566 40586 243
40569 40602 203
40590 40607 120
40615 40630 246
40631 40640 8
40652 40678 130
40678 40708 200
40702 40718 176
40717 40722 131
40736 40741 45
40756 40771 183
40776 40781 123
40806 40819 276
40810 40820 124
40831 40853 288
40857 40907 281
40879 40895 107
40903 40939 158
40923 40962 164
40935 40947 296
40945 40962 225
40959 40996 263
40965 41011 71
40991 41023 283
40997 41005 237
41006 41047 64
41029 41048 282
41046 41091 263
41065 41111 216
41080 41108 181
41082 41098 298
41091 41095 276
41120 41160 145
41135 41155 65
41140 41153 199
41151 41183 60
41175 41186 108
41177 41194 212
41199 41241 166
41215 41246 254
41227 41271 179
41245 41261 234
41265 41280 77
41293 41342 14
41317 41344 70
41323 41362 116
41347 41353 90
41369 41371 62
41388 41415 55
41409 41439 275
41415 41456 189
41427 41453 240
41434 41452 78
41459 41488 58
41462 41488 73
41479 41488 222
41501 41514 300
41514 41547 91
41518 41540 261
41519 41528 94
41527 41534 105
41533 41553 10
41558 41600 67
41561 41566 79
41591 41632 131
41610 41638 274
41632 41670 136
41644 41666 8
41647 41675 267
41667 41683 79
41677 41726 243
41701 41721 100
41711 41724 230
41732 41734 134
41760 41762 116
41765 41768 185
41778 41809 11
41799 41812 23
41805 41826 172
41811 41827 69
41840 41883 72
41845 41866 147
41869 41902 6
41879 41893 174
41892 41936 27
41917 41957 95
41946 41992 277
41976 42014 296
41999 42036 163
42010 42012 4
42024 42040 112
42024 42033 114
42054 42066 218
42066 42067 229
42089 42091 228
42095 42138 179
42102 42131 245
42115 42133 22
42121 42166 36
42124 42153 249
42151 42154 77
42169 42171 261
42190 42239 211
42212 42238 152
42231 42265 203
42237 42260 174
42251 42257 146
42271 42293 262
42285 42308 246
42308 42342 89
42313 42325 114
42314 42326 224
42340 42384 42
42344 42381 196
42374 42379 115
42379 42381 42
42389 42423 151
42393 42441 236
42410 42414 170
42433 42441 113
42438 42484 150
42442 42485 235
42462 42512 50
42486 42523 31
42501 42544 266
42509 42559 210
42517 42555 9
42529 42576 96
42551 42591 256
42556 42605 285
42560 42566 223
42584 42600 35
42613 42647 89
42631 42680 232
42645 42655 277
42665 42680 149
42684 42696 276
42695 42698 14
42702 42705 242
42706 42737 163
42736 42769 266
42752 42757 56
42759 42806 75
42777 42804 190
42807 42842 158
42832 42848 203
42839 42881 196
42860 42869 93
42864 42911 64
42891 42893 136
42899 42910 202
42909 42917 3
42933 42934 105
42939 42965 236
42957 42989 207
42980 42983 80
42981 43027 289
42986 42998 274
43006 43051 186
43006 43015 173
43018 43051 174
43024 43032 75
43030 43078 271
43038 43087 289
43041 43042 206
43051 43091 81
43055 43085 238
43057 43075 274
43076 43117 217
43096 43119 243
43123 43165 187
43124 43144 282
43142 43152 91
43162 43193 156
43184 43229 43
43203 43213 172
43223 43253 278
43250 43252 188
43262 43273 57
43269 43294 16
43272 43279 180
43298 43299 140
43316 43330 273
43328 43333 143
43350 43375 136
43372 43409 269
43395 43438 298
43400 43402 100
43424 43474 178
43442 43469 114
43465 43467 203
43485 43486 161
43498 43510 268
43514 43538 130
43526 43560 62
43543 43568 21
43564 43567 169
43571 43603 100
43582 43606 262
43599 43625 148
43603 43621 83
43618 43625 169
43641 43650 117
43670 43718 39
43673 43714 234
43697 43716 289
43697 43746 132
43711 43747 34
43729 43747 15
43740 43754 150
43741 43767 106
43760 43768 211
43786 43807 191
43806 43813 209
43828 43865 263
43850 43862 299
43864 43868 42
43884 43929 137
43903 43950 14
43915 43945 40
43922 43931 31
43928 43978 207
43930 43972 213
43938 43985 136
43939 43953 54
43962 44009 99
43990 44032 248
44013 44039 217
44035 44049 60
44039 44040 224
44056 44064 213
44073 44079 19
44079 44119 26
44105 44145 141
44118 44146 210
44131 44155 285
44159 44205 185
44176 44205 54
44202 44227 51
44228 44258 58
44243 44275 34
44246 44272 114
44249 44294 54
44254 44299 131
44283 44333 300
44304 44347 164
44315 44351 82
44344 44345 264
44374 44408 265
44379 44422 192
44381 44394 234
44395 44405 59
44412 44439 85
44429 44450 136
44454 44488 32
44473 44521 195
44480 44504 261
44493 44543 204
44512 44524 256
44512 44534 110
44539 44541 171
44540 44555 183
44565 44609 124
44569 44612 16
44572 44581 54
44592 44612 283
44600 44615 83
44613 44618 103
44622 44636 273
44652 44700 38
44670 44709 5
44677 44716 7
44692 44699 25
44700 44745 279
44700 44743 149
44723 44751 137
44728 44753 32
44734 44763 103
44749 44751 210
44756 44763 136
44769 44794 47
44776 44777 223
44794 44821 16
44797 44846 162
44822 44831 41
44829 44836 52
44851 44860 33
44862 44886 277
44868 44884 180
44883 44898 197
44909 44911 195
44913 44947 3
44916 44964 232
44944 44963 77
44958 44994 87
44974 44985 194
44980 45003 285
44991 45030 255
45015 45021 289
45019 45062 120
45019 45050 274
45021 45060 206
45034 45059 127
45044 45075 134
45070 45076 115
45070 45092 149
45098 45129 175
45116 45118 128
45134 45176 265
45164 45184 46
45182 45186 215
45210 45218 234
45220 45254 290
45243 45253 244
45268 45297 104
45273 45301 119
45292 45293 54
45301 45342 121
45310 45314 105
45324 45371 172
45328 45362 222
45331 45367 18
45352 45402 234
45361 45373 111
45388 45430 295
45402 45414 24
45429 45455 20
45430 45478 245
45449 45489 222
45451 45457 292
45474 45477 11
45498 45523 161
45524 45569 15
45537 45568 70
45549 45575 284
45559 45566 229
45563 45587 35
45566 45607 29
45592 45641 281
45621 45658 70
45633 45676 178
45659 45660 159
45659 45672 156
45662 45680 140
45674 45680 65
45686 45728 246
45708 45744 169
45735 45747 286
45762 45811 227
45792 45835 217
45808 45827 175
45832 45862 174
45833 45859 221
45856 45904 165
45858 45866 49
45884 45926 243
45913 45945 58
45933 45945 20
45958 45997 283
45968 46014 294
45968 46010 48
45981 45993 135
45986 45993 161
46013 46037 142
46024 46070 228
46052 46076 117
46059 46093 283
46089 46108 8
46114 46127 13
46130 46138 237
46153 46160 157
46163 46207 31
46189 46211 118
46208 46230 197
46238 46245 169
46267 46302 35
46282 46284 162
46283 46294 134
46302 46330 55
46314 46339 296
46321 46323 79
46331 46352 32
46335 46368 78
46362 46410 101
46368 46412 128
46389 46439 296
46398 46425 73
46412 46445 178
46433 46452 197
46455 46464 192
46483 46513 224
46500 46539 97
46523 46544 165
46524 46540 289
46535 46567 218
46557 46563 16
46568 46607 104
46571 46613 177
46571 46597 298
46575 46586 105
46592 46599 158
46611 46640 33
46638 46641 41
46650 46665 295
46670 46691 157
46700 46710 28
46704 46753 15
46725 46761 83
46726 46736 87
46754 46766 213
46773 46798 148
46794 46797 99
46815 46841 292
46827 46849 204
46854 46894 92
46878 46902 62
46878 46924 240
46893 46928 40
46916 46957 209
46942 46956 194
46946 46987 204
46970 47017 192
46988 47022 95
46996 47002 263
47020 47043 194
47049 47083 67
47062 47112 81
47086 47095 290
47089 47105 277
47103 47152 102
47121 47166 218
47150 47157 130
47165 47167 154
47166 47176 295
47190 47192 38
47197 47221 60
47204 47224 210
47229 47277 193
47251 47283 260
47270 47320 89
47298 47318 104
47299 47300 253
47310 47329 95
47315 47330 136
47344 47359 100
47344 47347 215
47366 47388 187
47373 47417 138
47400 47408 85
47426 47449 75
47431 47460 215
47447 47460 240
47475 47494 19
47485 47515 123
47499 47502 176
47513 47541 144
47539 47554 215
47545 47576 3
47575 47578 31
47590 47638 54
47596 47602 239
47603 47652 151
47625 47651 2
47632 47649 278
47638 47669 284
47658 47660 262
47678 47723 32
47685 47710 67
47686 47729 72
47706 47748 12
47714 47751 218
47732 47737 141
47755 47802 246
47785 47792 283
47798 47814 212
47806 47820 30
47820 47821 130
47842 47865 63
47849 47865 163
47850 47857 134
47852 47887 46
47869 47915 17
47873 47893 193
47899 47926 209
47916 47936 280
47934 47972 244
47959 47974 146
47987 48001 106
47987 48028 114
48008 48022 22
48017 48049 18
48044 48086 20
48061 48075 262
48091 48122 9
48102 48134 95
48112 48157 292
48121 48151 139
48146 48160 276
48171 48218 153
48184 48211 299
48190 48197 240
48200 48223 272
48223 48269 178
48235 48277 274
48256 48279 205
48270 48301 299
48276 48304 94
48306 48323 160
48315 48365 119
48345 48355 212
48361 48393 151
48375 48412 187
48405 48406 290
48423 48467 91
48437 48438 47
48442 48455 6
48461 48485 274
48485 48535 15
48488 48519 68
48488 48518 47
48502 48506 246
48529 48539 49
48534 48546 130
48563 48598 142
48584 48622 35
48609 48629 124
48628 48633 208
48653 48690 69
48667 48709 257
48691 48713 118
48701 48745 210
48713 48728 39
48721 48762 109
48740 48750 40
48743 48754 102
48755 48774 278
48760 48769 65
48767 48816 267
48768 48800 188
48780 48790 221
48810 48845 89
48812 48847 59
48824 48829 230
48828 48836 175
48832 48849 294
48833 48857 41
48853 48892 144
48860 48909 33
48881 48882 54
48889 48914 226
48891 48894 145
48910 48950 16
48910 48932 219
48921 48949 262
48941 48984 67
48952 48977 85
48959 49002 139
48976 48996 266
48995 49004 127
49000 49014 161
49016 49024 204
49037 49048 176
49062 49067 145
49069 49116 111
49094 49140 225
49117 49152 127
49119 49139 165
49145 49166 42
49163 49196 238
49192 49214 248
49218 49242 174
49228 49262 137
49235 49271 209
49235 49271 25
49240 49256 162
49248 49272 209
49257 49286 71
49266 49286 156
49272 49312 227
49294 49334 262
49314 49340 260
49334 49376 41
49354 49403 278
49357 49365 198
49357 49388 44
49387 49398 278
49400 49419 63
49402 49412 278
49417 49422 67
49434 49471 246
49460 49461 240
49476 49482 84
49476 49478 278
49495 49511 112
49501 49538 140
49526 49563 217
49546 49556 82
49558 49574 56
49565 49613 38
49574 49598 188
49604 49621 25
49615 49618 142
49621 49635 163
49644 49670 70
49673 49720 3
49691 49726 140
49691 49735 155
49714 49761 188
49738 49750 250
49757 49765 283
49768 49769 187
49775 49802 61
49794 49801 161
49795 49827 157
49801 49836 47
49805 49811 260
49815 49857 26
49816 49828 32
49835 49883 30
49854 49867 77
49869 49914 80
49895 49945 214
49899 49919 279
49925 49946 105
49935 49936 276
49940 49976 75
49969 50015 77
49991 50032 272
50013 50027 90
50037 50071 224
50045 50061 265
50061 50073 141
50064 50076 255
50079 50123 206
50107 50123 105
50123 50136 225
50151 50169 139
50171 50191 201
50174 50209 98
50195 50209 266
50195 50211 72
50221 50245 218
50250 50277 249
50252 50259 136
50273 50307 229
50275 50309 173
50278 50305 238
50295 50324 191
50307 50353 283
50312 50330 215
50338 50341 208
50340 50353 253
50348 50360 116
50355 50400 15
50359 50404 286
50388 50422 87
50395 50410 108
50400 50413 123
50413 50456 288
50416 50425 103
50444 50477 189
50457 50501 254
50467 50513 17
50468 50500 271
50490 50534 55
50497 50542 93
50510 50524 276
50523 50545 262
50547 50553 62
50571 50607 96
50590 50608 5
50615 50647 264
50640 50678 36
50663 50684 55
50664 50669 10
50673 50685 195
50689 50721 87
50716 50764 158
50731 50769 81
50752 50802 208
50754 50770 102
50755 50775 78
50759 50766 293
50780 50800 45
50803 50820 47
50803 50841 284
50824 50852 215
50837 50868 68
50851 50896 128
50868 50909 298
50870 50886 146
50899 50908 191
50928 50931 225
50957 50978 162
50963 50974 70
50993 50994 107
51017 51030 251
51024 51074 281
51049 51086 43
51075 51089 94
51092 51101 271
51102 51104 223
51123 51160 8
51144 51192 283
51162 51190 165
51167 51182 69
51168 51174 4
51185 51222 287
51201 51220 175
51221 51253 222
51240 51246 245
51262 51275 250
51273 51299 88
51300 51334 296
51308 51344 287
51333 51362 172
51346 51347 241
51364 51386 21
51366 51367 200
51377 51398 77
51407 51415 26
51418 51452 100
51447 51480 177
51450 51460 29
51460 51507 63
51490 51524 275
51502 51546 207
51518 51559 144
51542 51555 162
51560 51577 293
51571 51620 36
51583 51604 125
51610 51653 215
51623 51670 271
51634 51672 229
51647 51663 119
51670 51680 81
51675 51721 8
51684 51733 45
51692 51695 118
51721 51735 225
51727 51744 291
51736 51773 13
51747 51779 234
51766 51812 278
51768 51786 138
51769 51775 46
51784 51826 281
51784 51830 283
51810 51834 85
51832 51873 49
51844 51890 180
51849 51880 238
51860 51881 180
51860 51908 245
51868 51912 93
51893 51930 201
51915 51927 89
51923 51967 204
51945 51971 149
51963 51988 147
51991 52005 127
51999 52021 16
52029 52051 298
52057 52097 272
52058 52078 209
52067 52103 122
52073 52117 171
52096 52135 273
52109 52157 197
52131 52159 100
52131 52157 265
52154 52155 29
52162 52211 283
52166 52194 235
52171 52185 277
52193 52230 160
52210 52233 33
52210 52244 201
52238 52239 106
52250 52287 119
52270 52303 92
52276 52279 271
52276 52317 272
52283 52285 48
52313 52319 233
52324 52363 204
52331 52334 34
52345 52349 158
52362 52405 279
52380 52386 240
52387 52397 37
52401 52432 217
52430 52456 71
52436 52454 170
52454 52477 39
52459 52477 268
52480 52487 10
52480 52524 111
52481 52508 205
52503 52533 44
52530 52561 203
52535 52581 167
52550 52558 246
52572 52594 72
52585 52633 80
52610 52620 128
52632 52671 23
52641 52677 82
52642 52647 241
52644 52670 148
52648 52666 183
52659 52690 5
52659 52677 41
52678 52685 155
52691 52694 229
52714 52727 95
52723 52728 89
52725 52773 141
52728 52754 200
52729 52770 295
52753 52773 116
52778 52814 172
52794 52806 97
52803 52817 212
52828 52861 215
52829 52851 289
52845 52883 126
52873 52883 135
52889 52922 291
52900 52908 39
52908 52923 4
52924 52932 240
52947 52974 216
52971 53003 36
52983 52985 27
53005 53036 162
53024 53026 9
53051 53064 23
53079 53085 28
53097 53101 272
53118 53145 185
53140 53184 236
53160 53197 150
53182 53217 116
53197 53211 61
53225 53273 242
53231 53257 2
53244 53280 198
53262 53279 276
53291 53307 173
53319 53337 57
53319 53338 86
53331 53377 108
53338 53367 175
53342 53386 145
53351 53354 215
53357 53359 88
53384 53419 291
53395 53438 127
53423 53442 133
53429 53433 249
53444 53488 172
53461 53499 3
53479 53496 36
53503 53531 289
53506 53526 108
53513 53541 52
53539 53548 77
53563 53593 39
53564 53567 249
53564 53601 37
53572 53583 130
53578 53628 261
53597 53628 198
53606 53651 173
53633 53639 28
53662 53701 276
53686 53730 178
53702 53730 33
53716 53752 291
53724 53757 218
53728 53773 121
53758 53765 14
53762 53778 91
53769 53772 261
53775 53804 175
53803 53811 23
53815 53849 106
53842 53875 122
53858 53905 56
53878 53893 267
53906 53954 133
53909 53941 223
53911 53932 49
53911 53943 248
53927 53937 239
53946 53965 287
53949 53977 287
53973 53983 267
54000 54029 162
54001 54037 163
54011 54045 294
54041 54067 274
54058 54093 282
54069 54070 51
54093 54095 32
54122 54138 42
54134 54181 187
54155 54163 192
54160 54200 293
54170 54176 181
54182 54185 155
54207 54216 70
54208 54218 169
54213 54214 18
54224 54254 111
54247 54260 237
54248 54281 106
54272 54287 98
54297 54319 96
54309 54338 112
54321 54352 263
54338 54372 128
54355 54399 190
54382 54384 123
54412 54422 9
54416 54430 26
54444 54490 217
54456 54472 103
54458 54463 213
54463 54498 1
54472 54476 242
54478 54510 233
54479 54480 80
54481 54502 275
54509 54533 188
54522 54543 69
54543 54570 238
54555 54574 144
54583 54606 140
54588 54627 83
54614 54655 124
54638 54688 37
54666 54699 189
54673 54714 147
54692 54703 42
54722 54726 189
54728 54734 291
54756 54785 189
54775 54806 216
54805 54832 163
54816 54849 264
54830 54846 140
54855 54888 27
54878 54894 211
54879 54925 121
54898 54931 291
54917 54963 40
54939 54989 194
54949 54983 40
54954 54977 279
54982 55000 82
54998 55021 52
55018 55053 268
55038 55088 14
55066 55107 5
55079 55096 214
55086 55134 288
55097 55145 198
55101 55141 189
55110 55132 78
55138 55150 57
55159 55197 142
55174 55190 236
55204 55227 17
55227 55256 67
55249 55264 80
55254 55278 102
55265 55297 95
55286 55325 235
55287 55328 138
55292 55306 56
55299 55333 201
55309 55322 209
55330 55335 239
55330 55357 236
55334 55365 292
55354 55372 230
55370 55418 19
55376 55413 223
55399 55408 71
55428 55445 146
55438 55440 61
55438 55464 158
55447 55497 177
55468 55491 196
55478 55516 39
55486 55506 246
55494 55522 7
55520 55563 23
55528 55558 223
55535 55571 128
55548 55550 300
55558 55561 276
55569 55571 50
55598 55639 5
55603 55644 233
55623 55655 153
55627 55638 203
55652 55684 283
55674 55721 131
55678 55700 259
55700 55713 253
55712 55713 298
55726 55762 39
55747 55749 7
55770 55814 195
55787 55795 66
55790 55831 195
55819 55857 185
55848 55896 42
55867 55874 174
55888 55902 73
55907 55938 82
55927 55952 4
55957 55987 224
55983 56006 231
55995 56029 162
55996 55998 150
56004 56041 23
56007 56035 167
56027 56059 96
56035 56076 260
56048 56074 87
56054 56066 133
56058 56085 245
56080 56123 140
56103 56134 81
56131 56177 91
56149 56155 34
56157 56195 263
56174 56212 166
56187 56226 25
56211 56247 110
56234 56258 224
56256 56302 236
56256 56267 250
56275 56285 240
56294 56309 140
56302 56343 271
56322 56372 225
56325 56343 206
56339 56347 31
56355 56361 42
56362 56385 248
56372 56414 128
56398 56401 228
56407 56426 167
56417 56466 224
56440 56457 55
56449 56456 35
56460 56484 241
56468 56495 149
56481 56496 24
56485 56504 238
56498 56544 148
56514 56527 32
56538 56579 37
56549 56596 115
56552 56553 9
56556 56586 182
56560 56566 248
56562 56578 106
56591 56618 245
56620 56649 200
56648 56682 214
56656 56671 68
56675 56715 115
56677 56723 123
56679 56708 102
56700 56730 193
56724 56761 186
56747 56774 223
56776 56818 238
56795 56816 246
56824 56867 169
56837 56881 136
56842 56871 254
56852 56855 142
56858 56883 2
56867 56869 245
56879 56882 116
56897 56939 260
56908 56953 272
56918 56926 146
56937 56973 13
56944 56950 42
56950 56952 26
56952 56978 150
56968 56979 97
56992 57024 97
57001 57023 295
57024 57027 58
57050 57096 103
57067 57077 223
57095 57117 198
57118 57140 194
57118 57128 289
57148 57164 284
57152 57169 179
57174 57197 147
57182 57211 142
57191 57203 231
57198 57240 147
57211 57223 12
57232 57259 191
57237 57274 44
57259 57297 265
57266 57289 213
57279 57329 205
57285 57326 88
57285 57321 130
57313 57340 154
57316 57357 156
57328 57346 257
57350 57355 37
57375 57390 193
57375 57401 38
57405 57451 238
57410 57411 102
57436 57453 117
57447 57496 203
57450 57487 162
57456 57503 122
57479 57510 61
57494 57534 199
57524 57539 11
57528 57569 67
57543 57577 234
57570 57610 172
57575 57608 280
57596 57602 267
57596 57599 132
57609 57639 86
57612 57633 278
57637 57683 89
57650 57676 146
57657 57664 244
57666 57680 117
57686 57714 37
57693 57730 117
57693 57725 276
57697 57715 106
57702 57731 283
57724 57767 174
57744 57751 215
57744 57764 142
57747 57757 225
57764 57765 75
57790 57839 97
57808 57844 213
57818 57828 295
57829 57873 36
57847 57860 18
57860 57897 246
57870 57893 232
57873 57876 282
57885 57886 153
57891 57936 161
57896 57910 273
57925 57937 91
57928 57974 219
57935 57969 123
57952 57985 115
57960 57977 81
57966 58002 42
57972 57985 46
57976 58009 4
57983 58024 43
57999 58042 54
58008 58036 280
58016 58018 188
58018 58043 89
58044 58051 235
58069 58102 230
58074 58084 111
58076 58126 191
58079 58107 83
58108 58126 281
58108 58156 145
58122 58133 170
58140 58148 300
58162 58193 98
58176 58200 189
58186 58218 66
58205 58219 77
58212 58230 287
58234 58252 13
58243 58266 162
58266 58290 60
58292 58304 133
58310 58329 150
58339 58359 196
58340 58350 289
58349 58393 273
58352 58373 88
58377 58393 291
58385 58425 253
58408 58419 168
58429 58474 105
58429 58460 12
58441 58453 74
58468 58475 55
58475 58499 251
58490 58497 162
58512 58538 237
58521 58537 124
58531 58571 237
58549 58580 276
58565 58568 99
58577 58603 218
58588 58590 110
58605 58624 254
58634 58651 14
58641 58655 175
58657 58700 75
58677 58683 286
58684 58707 240
58707 58741 257
58733 58758 237
58755 58766 88
58783 58815 168
58804 58821 111
58833 58839 38
58859 58866 277
58886 58920 216
58890 58937 93
58909 58919 4
58915 58922 294
58923 58941 242
58930 58974 154
58941 58983 186
58966 58969 242
58991 59024 188
59003 59035 167
59019 59038 46
59045 59090 169
59073 59094 156
59086 59129 167
59111 59124 133
59115 59133 120
59143 59179 3
59173 59187 102
59192 59232 287
59209 59258 97
59238 59274 262
59241 59280 51
59257 59264 143
59281 59317 41
59305 59337 55
59334 59377 269
59360 59385 59
59364 59385 132
59393 59416 240
59413 59430 1
59442 59460 69
59442 59450 201
59451 59498 171
59452 59495 104
59476 59510 170
59491 59496 25
59499 59540 152
59503 59514 263
59511 59522 19
59533 59536 151
59539 59555 183
59560 59563 169
59564 59612 70
59582 59584 214
59595 59645 182
59624 59638 161
59642 59645 102
59647 59675 74
59677 59698 213
59706 59721 123
59730 59771 145
59734 59751 37
59744 59790 290
59748 59782 294
59765 59779 225
59771 59786 154
59800 59833 14
59823 59852 245
59837 59842 264
59849 59861 102
59853 59873 237
59854 59868 10
59862 59898 124
59871 59901 31
59883 59900 229
59892 59897 88
59905 59919 109
59924 59968 286
59948 59967 92
59960 59963 85
59971 60001 189
59972 59981 225
59983 60006 91
59995 59997 175
60009 60046 14
60033 60037 258
60057 60082 194
60061 60067 283
60084 60100 141
60100 60119 72
60108 60113 193
60111 60120 292
60119 60148 42
60128 60176 202
60137 60141 131
60162 60199 173
60187 60194 250
60198 60223 188
60227 60264 132
60242 60274 118
60263 60275 4
60285 60316 257
60308 60343 64
60335 60359 50
60344 60345 293
60349 60375 22
60370 60380 143
60399 60415 153
60416 60448 6
60421 60461 51
60435 60460 266
60440 60466 67
60449 60456 90
60476 60520 257
60503 60508 97
60526 60533 128
60538 60586 148
60543 60566 221
60547 60556 151
60565 60612 64
60591 60612 91
60620 60655 108
60629 60645 55
60656 60668 72
60658 60707 134
60678 60717 289
60678 60716 116
60699 60726 112
60729 60738 202
60738 60754 121
60763 60799 262
60783 60804 237
60808 60845 115
60821 60852 93
60821 60844 127
60840 60884 115
60862 60883 109
60873 60890 128
60876 60878 57
60887 60914 276
60889 60929 123
60893 60900 53
60896 60911 24
60906 60930 117
60910 60950 91
60911 60922 224
60932 60942 213
60935 60938 125
60935 60964 288
60964 60972 17
60981 61006 273
60985 60998 113
61015 61038 183
61033 61074 196
61055 61085 177
61083 61086 133
61088 61128 262
61089 61123 31
61103 61128 85
61132 61140 294
61161 61183 298
61186 61229 230
61208 61258 124
61222 61259 7
61242 61261 144
61248 61263 27
61271 61302 128
61284 61308 87
61284 61321 106
61304 61342 138
61306 61332 111
61334 61357 59
61343 61349 267
61358 61402 51
61370 61374 298
61385 61414 266
61385 61392 15
61392 61405 45
61405 61445 169
61434 61452 196
61443 61445 104
61465 61493 257
61480 61492 16
61482 61509 70
61486 61518 242
61491 61526 61
61519 61557 26
61527 61574 204
61548 61580 55
61554 61568 248
61575 61579 205
61596 61639 275
61604 61618 148
61604 61628 21
61616 61617 151
61616 61644 221
61624 61653 195
61653 61658 114
61657 61691 127
61671 61705 246
61684 61714 158
61704 61742 212
61714 61718 168
61732 61751 44
61753 61765 269
61765 61814 228
61787 61819 198
61810 61835 217
61837 61846 253
61854 61867 95
61868 61879 216
61882 61893 227
61902 61924 158
61918 61942 252
61945 61952 136
61946 61974 186
61976 62024 39
61998 62005 107
62009 62037 288
62011 62061 2
62030 62060 259
62034 62071 276
62048 62091 154
62061 62076 226
62076 62124 179
62095 62139 53
62115 62140 220
62145 62180 247
62165 62205 300
62189 62224 34
62218 62247 65
62227 62228 29
62245 62294 116
62265 62278 199
62276 62284 167
62281 62313 4
62284 62306 227
62304 62324 122
62320 62368 132
62325 62345 223
62354 62368 296
62370 62400 97
62373 62398 81
62402 62449 226
62409 62455 42
62422 62454 120
62430 62456 288
62441 62471 24
62451 62480 67
62453 62487 62
62482 62485 37
62499 62507 206
62526 62553 250
62528 62547 294
62540 62547 22
62560 62602 206
62561 62563 155
62579 62617 256
62590 62602 76
62602 62641 69
62632 62682 153
62655 62693 68
62661 62680 169
62687 62720 124
62708 62737 240
62727 62756 195
62740 62760 261
62747 62755 249
62768 62784 297
62771 62802 242
62786 62799 136
62806 62829 117
62820 62848 202
62846 62891 288
62874 62881 120
62890 62913 224
62903 62953 245
62925 62959 219
62947 62950 145
62971 63010 16
62997 63031 98
63008 63040 168
63023 63067 105
63048 63088 113
63070 63107 117
63095 63097 222
63119 63126 5
63137 63141 63
63140 63181 214
63161 63209 127
63175 63209 74
63198 63239 103
63219 63247 138
63222 63256 276
63235 63279 300
63249 63295 132
63268 63294 82
63288 63335 277
63317 63335 33
63344 63388 264
63370 63375 45
63391 63434 46
63420 63466 114
63427 63455 245
63444 63482 177
63461 63505 263
63481 63512 247
63507 63553 153
63518 63554 85
63538 63539 232
63562 63601 4
63568 63576 104
63582 63629 55
63605 63610 246
63605 63618 81
63608 63652 40
63632 63667 82
63660 63674 269
63676 63704 172
63695 63708 124
63704 63718 35
63711 63743 127
63730 63758 181
63758 63765 15
63771 63789 52
63779 63799 250
63790 63795 33
63799 63834 240
63829 63879 69
63856 63882 244
63866 63875 234
63892 63897 37
63892 63895 266
63899 63924 108
63929 63930 76
63932 63957 257
63946 63996 269
63954 63998 164
63977 64019 197
64001 64043 102
64020 64024 117
64049 64098 254
64079 64082 141
64083 64131 293
64111 64130 96
64111 64128 135
64114 64157 299
64140 64186 55
64152 64196 227
64159 64181 70
64182 64190 104
64208 64254 141
64218 64233 77
64236 64268 244
64255 64303 168
64267 64268 84
64275 64276 85
64275 64283 201
64296 64308 147
64319 64362 161
64335 64340 86
64361 64390 111
64362 64373 223
64368 64379 131
64398 64413 231
64428 64474 277
64430 64471 66
64446 64479 166
64454 64472 102
64461 64511 230
64473 64485 131
64488 64533 104
64516 64545 231
64528 64567 104
64544 64571 171
64562 64576 11
64578 64598 283
64593 64618 37
64609 64643 226
64622 64640 145
64626 64643 181
64646 64674 291
64669 64689 157
64696 64725 287
64726 64772 88
64738 64782 261
64738 64770 184
64749 64790 150
64771 64780 210
64801 64823 166
64817 64851 30
64847 64888 268
64858 64865 49
64867 64869 175
64883 64893 66
64912 64947 66
64921 64923 295
64923 64969 116
64925 64957 29
64952 64990 164
64981 64984 255
64990 64999 243
65020 65058 65
65028 65033 54
65030 65074 271
65049 65062 228
65055 65078 118
65056 65102 195
65070 65087 255
65075 65089 245
65091 65137 241
65093 65132 267
65117 65159 290
65136 65169 103
65151 65182 40
65166 65198 238
65174 65197 299
65175 65185 252
65192 65215 198
65213 65248 188
65239 65271 138
65239 65247 242
65267 65312 271
65294 65329 233
65308 65342 16
65316 65327 211
65340 65390 59
65355 65379 70
65372 65384 199
65390 65391 42
65392 65420 6
65411 65459 118
65436 65484 294
65441 65490 217
65448 65468 226
65472 65521 109
65485 65510 208
65505 65533 224
65506 65508 244
65511 65561 91
65533 65551 291
65548 65592 117
65571 65600 41
65577 65581 89
65588 65602 234
65602 65606 78
65622 65633 49
65628 65655 57
65629 65644 85
65657 65698 210
65682 65692 288
65685 65711 221
65708 65740 72
65709 65747 294
65739 65785 119
65768 65770 250
65769 65781 244
65774 65809 103
65785 65818 157
65811 65848 38
65825 65871 131
65840 65873 153
65861 65896 282
65879 65886 221
65885 65932 107
65885 65890 269
65891 65901 103
65920 65970 239
65934 65944 260
65954 65991 280
65978 66002 152
65982 66009 98
66003 66053 222
66028 66049 187
66053 66103 41
66055 66063 204
66063 66068 126
66078 66086 300
66102 66135 158
66111 66119 7
66141 66175 257
66154 66189 44
66161 66184 242
66191 66211 17
66206 66250 8
66225 66272 94
66251 66266 277
66263 66276 292
66287 66289 284
66287 66312 222
66308 66347 271
66333 66369 89
66346 66377 79
66365 66368 184
66373 66376 47
66383 66426 182
66390 66411 111
66393 66407 265
66414 66464 4
66417 66464 215
66430 66474 88
66446 66449 253
66446 66475 285
66446 66483 283
66475 66477 165
66501 66534 106
66505 66528 99
66531 66544 179
66549 66557 111
66571 66578 16
66576 66625 100
66606 66607 23
66631 66655 97
66657 66660 176
66680 66706 31
66696 66705 249
66698 66730 254
66704 66712 48
66723 66747 198
66745 66777 196
66765 66779 285
66778 66814 244
66787 66823 42
66801 66820 129
66828 66852 8
66832 66846 191
66832 66843 100
66850 66882 257
66851 66876 211
66856 66904 298
66862 66883 250
66879 66896 73
66891 66938 79
66915 66919 247
66934 66979 232
66945 66952 52
66946 66961 6
66951 66988 250
66979 67020 169
67000 67043 106
67027 67031 173
67050 67062 241
67063 67104 87
67086 67118 15
67111 67118 168
67135 67139 166
67152 67195 130
67159 67197 4
67169 67182 247
67178 67181 261
67206 67222 279
67219 67228 290
67232 67254 50
67252 67256 112
67275 67324 42
67281 67325 100
67288 67295 233
67294 67296 8
67309 67323 89
67324 67343 197
67354 67364 129
67372 67382 258
67393 67441 265
67401 67417 219
67404 67429 167
67410 67454 261
67429 67461 90
67454 67494 151
67469 67485 63
67498 67514 102
67507 67532 134
67535 67569 78
67537 67568 8
67565 67612 283
67570 67619 239
67589 67624 294
67596 67614 110
67596 67617 57
67610 67651 112
67618 67620 194
67628 67665 128
67629 67640 4
67629 67641 105
67646 67685 263
67676 67719 287
67693 67713 90
67703 67728 228
67719 67729 231
67719 67729 122
67723 67728 54
67730 67743 169
67755 67761 284
67758 67804 274
67759 67796 140
67782 67806 82
67806 67826 29
67821 67864 216
67844 67864 100
67863 67867 21
67883 67884 24
67899 67909 211
67906 67945 131
67922 67943 252
67940 67978 173
67944 67961 93
67954 67959 29
67976 67998 199
67986 68035 42
68011 68037 55
68028 68033 121
68031 68050 233
68035 68066 46
68050 68094 77
68056 68075 194
68058 68094 258
68062 68105 297
68062 68077 123
68082 68132 295
68099 68109 7
68122 68131 164
68122 68147 238
68127 68153 72
68136 68172 212
68156 68188 142
68159 68162 191
68164 68204 290
68174 68205 157
68198 68210 218
68205 68244 31
68214 68252 160
68228 68266 194
68228 68265 22
68244 68293 67
68258 68298 53
68269 68309 230
68286 68303 132
68307 68354 1
68330 68371 206
68360 68378 258
68363 68374 208
68365 68368 96
68388 68392 43
68405 68407 139
68435 68442 242
68437 68470 56
68449 68457 143
68454 68457 119
68470 68478 31
68492 68510 272
68495 68527 80
68509 68542 170
68516 68561 267
68523 68566 22
68549 68572 81
68566 68580 238
68594 68615 284
68605 68654 230
68621 68652 300
68639 68663 125
68649 68657 127
68671 68675 28
68687 68719 77
68699 68738 135
68718 68752 106
68747 68759 232
68764 68775 261
68770 68820 232
68794 68798 23
68815 68837 269
68831 68852 263
68845 68894 223
68862 68863 296
68877 68921 12
68896 68914 87
68915 68958 64
68932 68941 259
68954 69002 253
68966 69004 138
68996 69031 122
69022 69039 288
69026 69061 147
69028 69033 108
69045 69084 144
69048 69081 286
69078 69121 284
69090 69114 284
69091 69133 252
69108 69114 202
69136 69155 176
69155 69160 121
69173 69180 14
69203 69219 227
69207 69227 194
69230 69280 135
69243 69284 11
69265 69307 246
69282 69313 41
69298 69333 74
69328 69356 236
69339 69389 116
69346 69353 183
69367 69383 235
69384 69412 51
69398 69445 269
69423 69450 254
69441 69460 204
69443 69452 64
69473 69503 140
69490 69539 230
69501 69513 170
69529 69531 226
69549 69573 33
69563 69567 286
69571 69586 227
69601 69638 200
69618 69648 103
69634 69670 92
69645 69672 246
69660 69662 238
69678 69727 54
69699 69706 110
69721 69760 162
69727 69733 188
69755 69761 280
69768 69799 161
69796 69825 179
69825 69826 211
69846 69874 214
69863 69881 16
69878 69922 223
69880 69889 191
69881 69924 50
69900 69919 226
69903 69942 292
69925 69939 138
69955 69992 198
69969 70015 182
69990 70024 169
69996 70004 269
70014 70042 181
70044 70047 97
70048 70072 141
70057 70087 95
70077 70119 95
70096 70098 253
70106 70132 48
70132 70159 217
70136 70180 90
70147 70191 280
70170 70176 144
70180 70191 9
70189 70215 226
70199 70247 256
70209 70214 72
70210 70255 133
70213 70241 46
70215 70246 24
70234 70254 226
70239 70262 83
70243 70271 107
70248 70290 164
70276 70321 192
70295 70329 283
70316 70334 183
70331 70346 283
70351 70384 1
70352 70396 41
70369 70406 147
70372 70401 202
70377 70409 123
70393 70426 248
70421 70440 178
70437 70487 216
70446 70478 280
70460 70462 123
70485 70530 186
70496 70520 270
70518 70534 243
70532 70581 218
70543 70551 47
70552 70602 125
70561 70600 274
70565 70606 48
70576 70595 94
70579 70629 124
70582 70615 81
70582 70617 218
70582 70606 204
70599 70637 300
70626 70655 13
70629 70643 191
70634 70637 129
70644 70682 125
70662 70700 156
70674 70692 178
70704 70746 259
70705 70750 9
70715 70759 147
70719 70729 239
70744 70789 151
70744 70748 55
70744 70754 294
70773 70783 285
70801 70812 89
70801 70810 171
70813 70860 28
70815 70846 169
70817 70825 258
70819 70848 20
70823 70846 245
70835 70838 74
70851 70879 73
70879 70908 228
70901 70944 238
70925 70961 55
70928 70955 155
70937 70949 27
70947 70990 25
70960 70971 15
70968 70971 284
70982 70996 142
70988 71016 175
71014 71018 77
71018 71043 152
71023 71035 297
71051 71095 86
71076 71115 44
71100 71127 282
71120 71126 300
71147 71193 296
71162 71187 283
71167 71173 117
71174 71224 224
71191 71229 70
71221 71251 166
71251 71292 64
71271 71308 132
71282 71325 23
71283 71288 150
71296 71308 279
71324 71361 49
71350 71355 203
71379 71404 71
71384 71425 225
71387 71420 12
71396 71406 287
71420 71426 255
71430 71461 66
71458 71488 98
71475 71517 164
71487 71519 74
71517 71529 264
71524 71550 122
71552 71571 14
71580 71605 3
71594 71619 42
71608 71611 92
71615 71651 189
71630 71648 201
71653 71679 1
71665 71705 291
71680 71709 82
71680 71714 254
71687 71700 119
71697 71743 19
71721 71766 139
71724 71764 176
71751 71784 281
71779 71828 230
71779 71798 34
71808 71846 24
71810 71857 271
71812 71822 277
71817 71830 246
71832 71882 231
71858 71869 216
71873 71894 286
71892 71927 39
71909 71957 101
71920 71942 70
71950 71975 13
71950 71998 152
71974 72021 43
71980 71992 12
71984 71995 2
71999 72021 109
72005 72053 188
72031 72051 125
72031 72059 128
72048 72074 236
72057 72079 163
72064 72067 145
72085 72123 3
72109 72158 169
72130 72164 193
72156 72160 299
72186 72208 88
72201 72215 221
72208 72215 2
72211 72241 120
72240 72260 158
72250 72268 272
72254 72274 204
72279 72294 234
72286 72330 10
72315 72340 114
72320 72328 172
72325 72369 273
72349 72369 235
72379 72394 229
72404 72448 217
72433 72445 161
72452 72491 136
72458 72499 213
72473 72501 229
72491 72497 28
72491 72492 210
72497 72538 167
72503 72509 15
72519 72551 236
72521 72555 213
72530 72566 103
72556 72557 115
72583 72587 111
72584 72627 143
72612 72654 114
72629 72638 252
72650 72669 80
72661 72692 293
72680 72727 228
72687 72695 79
72710 72745 117
72715 72763 238
72729 72756 271
72748 72793 252
72777 72779 197
72792 72840 80
72795 72841 51
72822 72832 208
72829 72845 12
72843 72852 274
72856 72897 124
72885 72920 78
72900 72942 36
72916 72924 40
72937 72977 227
72962 73003 132
72985 73028 34
73003 73028 160
73025 73038 231
73034 73043 269
73045 73087 194
73075 73098 118
73093 73130 291
73120 73161 283
73122 73139 117
73152 73165 141
73164 73169 193
73183 73223 34
73198 73213 66
73207 73254 192
73221 73253 65
73223 73230 253
73227 73243 39
73254 73298 168
73265 73287 189
73290 73316 122
73314 73355 102
73333 73356 37
73360 73383 29
73374 73407 231
73394 73407 281
73419 73462 17
73444 73471 163
73461 73511 172
73481 73519 128
73505 73555 298
73518 73527 190
73526 73542 247
73527 73573 294
73551 73595 42
73558 73559 76
73575 73619 44
73576 73589 26
73581 73602 153
73581 73622 94
73608 73649 171
73632 73665 216
73636 73652 92
73647 73691 114
73656 73666 180
73656 73704 131
73659 73691 148
73675 73712 196
73694 73730 44
73710 73738 118
73713 73740 120
73720 73729 260
73734 73744 153
73758 73808 179
73788 73816 81
73816 73841 14
73833 73861 120
73835 73883 38
73858 73865 158
73879 73921 80
73906 73936 259
73916 73957 247
73916 73934 241
73922 73942 2
73948 73992 191
73954 73965 215
73973 73981 96
73999 74049 164
74026 74052 278
74042 74050 201
74059 74090 163
74070 74111 195
74100 74149 216
74128 74143 264
74130 74136 101
74151 74200 33
74174 74219 48
74194 74239 240
74202 74215 9
74220 74242 18
74236 74238 227
74256 74257 59
74275 74304 80
74287 74327 256
74315 74323 77
74315 74325 137
74343 74369 5
74362 74403 224
74378 74380 90
74406 74425 135
74412 74457 139
74437 74459 45
74452 74488 247
74473 74488 240
74501 74551 135
74506 74522 266
74535 74576 227
74546 74551 22
74560 74601 101
74569 74593 82
74572 74607 147
74599 74647 120
74610 74639 144
74622 74663 20
74651 74687 265
74662 74672 237
74665 74667 161
74689 74694 241
74693 74727 159
74715 74724 148
74734 74780 117
74751 74775 155
74757 74787 204
74763 74773 237
74772 74790 25
74778 74825 174
74800 74836 178
74821 74857 75
74837 74876 106
