5000
0 38 76
12 56 252
35 62 220
58 100 289
68 102 210
92 142 190
95 122 70
109 127 182
134 168 97
137 151 237
149 166 79
171 177 273
199 248 47
201 250 30
213 256 42
223 240 13
245 287 129
256 305 152
264 279 190
277 288 135
294 337 83
324 327 8
353 356 232
383 407 7
392 407 110
415 464 232
439 486 101
459 507 184
482 521 175
499 509 12
525 568 61
531 536 245
546 594 187
557 575 132
563 580 113
590 613 251
604 648 141
618 660 263
630 634 75
633 642 106
652 701 269
664 668 23
670 675 183
692 705 133
705 738 286
729 760 248
737 741 230
762 769 150
762 812 205
773 790 52
798 821 165
822 832 227
842 866 172
844 878 253
848 860 93
858 862 89
866 871 103
895 914 41
922 932 1
936 986 26
961 978 261
981 1022 215
984 1000 198
1005 1033 16
1027 1060 148
1044 1072 232
1062 1089 110
1085 1119 86
1090 1128 183
1096 1098 161
1125 1141 204
1130 1177 274
1142 1146 114
1150 1164 240
1180 1202 43
1201 1203 174
1226 1264 107
1233 1271 130
1242 1285 176
1245 1279 187
1271 1290 69
1294 1329 270
1303 1337 175
1320 1325 41
1340 1374 150
1361 1395 225
1380 1420 135
1383 1411 83
1397 1428 23
1401 1410 225
1407 1453 120
1425 1446 68
1429 1432 198
1435 1466 202
1456 1504 22
1459 1502 90
1468 1518 110
1496 1506 183
1501 1502 193
1511 1514 167
1520 1538 39
1530 1555 107
1557 1606 290
1574 1586 144
1575 1612 100
1580 1596 235
1582 1614 225
1603 1623 91
1619 1650 26
1647 1686 165
1647 1679 57
1652 1680 171
1665 1686 225
1677 1679 295
1689 1739 244
1692 1694 266
1711 1756 59
1739 1749 237
1768 1777 223
1796 1837 114
1825 1852 138
1828 1844 178
1854 1884 66
1856 1901 117
1857 1882 119
1858 1890 37
1877 1878 168
1896 1914 32
1922 1927 156
1934 1940 81
1935 1955 100
1965 2008 104
1993 2010 244
1995 2021 68
2002 2047 96
2025 2074 201
2026 2073 245
2049 2096 121
2061 2084 238
2088 2114 66
2104 2151 168
2112 2154 36
2112 2150 107
2128 2161 238
2130 2144 297
2141 2172 161
2160 2194 44
2183 2220 279
2206 2236 52
2223 2235 260
2236 2274 119
2255 2256 1
2281 2282 76
2304 2333 43
2334 2346 11
2349 2396 118
2371 2392 143
2371 2408 250
2392 2426 160
2417 2444 255
2428 2463 100
2458 2495 230
2467 2511 60
2476 2522 114
2491 2541 103
2494 2512 213
2521 2551 172
2549 2576 245
2568 2616 279
2585 2620 271
2596 2626 197
2605 2643 38
2634 2650 276
2648 2697 107
2653 2671 136
2660 2669 122
2673 2691 172
2684 2710 175
2709 2724 281
2739 2786 222
2760 2771 286
2777 2814 122
2781 2829 1
2797 2815 219
2800 2821 100
2800 2842 300
2816 2845 101
2821 2867 130
2840 2878 265
2854 2896 143
2871 2903 256
2893 2941 148
2909 2946 215
2925 2930 42
2949 2954 204
2955 2983 279
2980 2983 234
2983 3014 150
2994 3008 130
2996 3030 160
3018 3019 81
3029 3059 24
3034 3058 4
3054 3094 69
3054 3073 180
3068 3083 76
3076 3122 127
3078 3112 22
3107 3152 255
3112 3155 49
3112 3139 200
3113 3163 59
3129 3179 90
3141 3174 264
3144 3191 33
3160 3203 121
3187 3231 268
3193 3243 299
3195 3223 274
3219 3269 67
3223 3273 23
3248 3250 269
3262 3286 95
3277 3298 10
3288 3310 288
3298 3314 262
3301 3346 96
3306 3325 130
3334 3380 267
3340 3350 102
3362 3399 49
3384 3413 279
3384 3414 241
3385 3411 119
3396 3401 149
3396 3443 31
3411 3437 4
3438 3481 231
3451 3456 299
3469 3486 85
3482 3495 34
3491 3509 268
3516 3527 138
3535 3566 185
3554 3587 259
3565 3576 163
3577 3606 157
3585 3623 294
3606 3631 167
3619 3638 288
3647 3676 194
3663 3713 164
3670 3720 121
3684 3715 135
3691 3710 205
3702 3718 39
3702 3743 260
3711 3752 178
3740 3773 186
3766 3811 95
3771 3772 280
3797 3815 94
3826 3842 85
3846 3890 188
3867 3908 180
3897 3899 87
3911 3936 5
3925 3955 30
3946 3964 129
3966 3973 181
3980 3990 203
3999 4009 280
4029 4076 142
4050 4097 31
4056 4105 274
4062 4092 156
4076 4099 114
4088 4123 95
4095 4108 96
4100 4109 257
4130 4156 112
4139 4189 99
4163 4175 83
4183 4227 282
4187 4232 93
4216 4239 278
4235 4276 22
4256 4297 6
4284 4294 192
4294 4316 63
4297 4347 200
4298 4348 175
4314 4364 187
4334 4352 209
4338 4345 28
4345 4363 164
4358 4366 78
4369 4413 127
4395 4415 55
4407 4436 287
4430 4462 77
4437 4481 129
4452 4494 45
4477 4489 276
4477 4523 222
4495 4525 238
4498 4501 128
4528 4564 189
4528 4575 132
4529 4575 112
4557 4560 152
4587 4599 5
4613 4648 151
4627 4637 244
4639 4688 256
4669 4691 113
4697 4747 181
4713 4730 170
4741 4756 110
4768 4806 194
4771 4792 151
4787 4822 175
4816 4821 62
4817 4844 207
4844 4848 62
4869 4870 134
4872 4890 19
4877 4905 258
4877 4886 54
4881 4907 75
4903 4930 89
4917 4951 131
4919 4920 175
4928 4961 77
4956 4961 36
4969 4997 242
4975 4999 231
5005 5019 298
5018 5066 243
5047 5076 76
5059 5069 299
5062 5074 278
5088 5121 224
5102 5110 178
5104 5112 110
5108 5125 226
5118 5136 164
5130 5177 108
5143 5148 297
5172 5182 87
5176 5200 163
5192 5195 218
5222 5264 173
5235 5266 260
5257 5269 37
5278 5320 187
5284 5319 222
5297 5316 13
5301 5312 87
5301 5345 63
5322 5351 10
5335 5382 248
5335 5349 119
5361 5368 159
5379 5401 80
5391 5422 97
5421 5455 45
5448 5475 181
5460 5510 34
5466 5490 243
5468 5502 296
5493 5522 92
5522 5528 276
5527 5541 222
5539 5561 257
5558 5598 225
5584 5591 139
5591 5600 194
5610 5644 50
5635 5638 31
5656 5686 236
5675 5702 65
5680 5716 224
5687 5712 281
5697 5727 275
5711 5734 177
5721 5757 62
5736 5746 222
5741 5786 201
5756 5758 91
5772 5800 210
5774 5817 220
5774 5816 180
5783 5831 225
5812 5820 164
5836 5841 237
5862 5904 198
5868 5889 280
5886 5913 7
5892 5895 134
5917 5955 175
5945 5973 256
5965 5989 294
5973 6019 230
5996 6013 241
6006 6039 273
6026 6040 168
6043 6078 255
6055 6082 112
6058 6103 4
6060 6070 72
6079 6128 63
6097 6145 109
6122 6171 108
6130 6140 66
6151 6169 276
6181 6212 152
6201 6221 101
6207 6219 151
6224 6226 163
6251 6290 226
6265 6266 141
6293 6296 22
6322 6352 135
6334 6351 142
6356 6364 208
6365 6407 27
6382 6409 40
6388 6410 103
6397 6440 96
6424 6433 41
6434 6444 66
6450 6464 237
6460 6464 237
6470 6489 184
6475 6517 288
6480 6512 151
6486 6508 61
6516 6559 73
6539 6548 117
6562 6576 21
6573 6608 21
6600 6617 12
6611 6622 270
6623 6625 199
6641 6653 299
6645 6680 115
6664 6667 272
6678 6686 171
6699 6722 113
6722 6742 139
6751 6797 246
6753 6769 279
6761 6806 25
6787 6812 110
6797 6846 298
6815 6859 37
6824 6868 216
6853 6890 106
6883 6933 45
6887 6888 5
6892 6899 215
6909 6956 68
6917 6933 27
6933 6945 3
6936 6937 201
6956 6968 138
6972 7007 221
6988 6998 208
7015 7057 295
7030 7054 170
7051 7096 57
7064 7082 212
7082 7122 63
7089 7130 119
7112 7154 93
7122 7167 211
7151 7170 101
7158 7169 36
7163 7166 49
7179 7208 300
7180 7195 28
7191 7196 83
7218 7267 155
7223 7271 87
7235 7249 269
7255 7287 265
7284 7307 22
7300 7332 136
7314 7325 93
7335 7336 75
7360 7403 74
7368 7417 46
7371 7386 58
7390 7427 85
7397 7399 30
7425 7444 227
7440 7455 26
7466 7496 57
7469 7485 178
7480 7505 162
7486 7491 197
7514 7559 154
7542 7582 179
7561 7608 243
7565 7613 60
7570 7592 92
7580 7617 297
7591 7619 269
7603 7605 284
7627 7656 83
7656 7685 154
7664 7700 98
7676 7686 161
7678 7700 12
7689 7710 267
7705 7729 248
7716 7740 175
7725 7751 9
7726 7744 151
7742 7761 300
7752 7782 197
7756 7764 299
7786 7815 288
7811 7819 209
7827 7851 185
7840 7882 52
7844 7892 40
7849 7874 211
7858 7881 21
7871 7883 299
7898 7914 43
7900 7936 36
7911 7932 142
7922 7923 257
7952 7978 69
7954 7957 10
7975 8011 136
7985 7990 299
7996 8041 141
8007 8055 25
8008 8028 24
8021 8059 21
8023 8031 274
8035 8079 138
8038 8067 29
8067 8081 223
8074 8087 264
8077 8112 202
8093 8129 240
8109 8136 105
8136 8168 52
8165 8210 11
8194 8240 128
8216 8255 177
8220 8234 180
8223 8251 211
8232 8254 249
8247 8296 275
8277 8299 152
8297 8305 173
8324 8347 77
8346 8376 258
8368 8381 287
8384 8401 148
8388 8428 189
8402 8435 14
8409 8430 84
8435 8442 17
8448 8498 123
8471 8506 131
8480 8515 300
8490 8512 226
8504 8514 47
8524 8525 110
8548 8584 44
8566 8586 70
8581 8590 40
8598 8636 298
8621 8629 141
8636 8676 66
8651 8684 105
8654 8671 162
8675 8720 293
8693 8720 217
8717 8724 292
8746 8767 11
8749 8790 207
8764 8791 112
8792 8836 191
8799 8826 239
8827 8846 50
8828 8837 270
8840 8857 286
8853 8864 41
8873 8881 8
8882 8917 132
8884 8892 129
8901 8916 8
8905 8934 196
8928 8975 82
8935 8936 297
8953 8996 103
8953 8968 87
8976 9011 199
9000 9050 153
9028 9062 252
9038 9071 275
9039 9046 31
9051 9054 26
9057 9074 264
9084 9120 270
9104 9131 192
9123 9169 270
9147 9150 101
9163 9175 275
9193 9197 180
9198 9204 16
9206 9254 132
9207 9225 256
9229 9262 71
9240 9284 93
9259 9269 246
9279 9297 159
9309 9352 74
9336 9363 263
9355 9400 244
9361 9362 297
9391 9396 177
9396 9435 212
9419 9465 56
9449 9472 14
9473 9522 80
9488 9503 124
9500 9528 54
9515 9537 44
9520 9555 163
9523 9531 169
9530 9566 263
9542 9554 273
9564 9593 264
9588 9627 230
9596 9623 277
9625 9629 72
9628 9658 285
9652 9688 187
9682 9718 218
9694 9718 47
9706 9755 82
9723 9724 206
9734 9781 95
9738 9770 118
9753 9766 160
9774 9780 200
9802 9804 200
9819 9840 201
9830 9835 210
9849 9864 255
9865 9875 131
9886 9895 143
9911 9928 126
9912 9920 189
9937 9987 2
9963 10013 211
9983 10028 66
9997 10014 205
10010 10025 155
10027 10066 2
10032 10037 137
10042 10059 290
10050 10079 126
10068 10079 262
10073 10088 156
10099 10114 137
10121 10155 67
10136 10186 278
10152 10170 125
10152 10196 277
10169 10215 76
10187 10227 299
10209 10250 54
10236 10242 133
10265 10278 84
10288 10324 264
10318 10335 126
10328 10334 73
10337 10360 82
10358 10386 122
10374 10387 16
10403 10453 194
10404 10442 1
10404 10447 154
10424 10446 24
10451 10479 111
10478 10482 49
10478 10505 16
10508 10544 137
10511 10550 120
10519 10526 286
10540 10581 59
10569 10582 5
10582 10624 71
10586 10619 28
10605 10620 20
10615 10631 246
10626 10670 103
10630 10678 291
10648 10662 7
10663 10681 91
10667 10680 189
10678 10706 21
10702 10727 40
10705 10708 114
10705 10714 275
10719 10767 296
10729 10765 205
10740 10765 48
10753 10776 229
10775 10799 105
10776 10819 115
10789 10833 102
10817 10835 285
10835 10845 179
10841 10857 186
10869 10890 273
10886 10890 129
10903 10916 207
10913 10962 12
10933 10973 146
10937 10958 204
10937 10951 55
10956 10970 99
10956 10977 50
10959 10979 133
10984 11006 150
10994 11019 186
11005 11052 194
11026 11038 88
11031 11052 65
11037 11077 74
11058 11080 122
11067 11071 81
11096 11133 245
11126 11169 23
11156 11176 94
11175 11199 143
11201 11249 298
11210 11250 203
11216 11232 76
11217 11250 229
11219 11259 235
11229 11234 24
11246 11285 77
11273 11306 182
11292 11320 173
11320 11348 227
11338 11349 30
11343 11389 17
11359 11364 176
11377 11418 18
11401 11437 35
11418 11451 189
11436 11484 85
11459 11480 281
11488 11489 270
11490 11531 229
11498 11535 270
11517 11528 127
11540 11559 248
11561 11571 169
11583 11593 4
11593 11614 51
11597 11623 110
11627 11662 197
11643 11688 42
11653 11662 40
11658 11677 201
11688 11700 132
11690 11713 28
11719 11764 277
11737 11774 115
11737 11774 254
11737 11742 172
11748 11771 252
11752 11776 162
11764 11765 224
11781 11815 283
11789 11804 236
11796 11820 204
11819 11847 128
11841 11887 45
11842 11871 82
11846 11858 198
11876 11887 45
11890 11923 193
11911 11960 2
11926 11931 255
11938 11967 158
11953 11962 58
11978 11997 268
11998 12028 83
12018 12053 95
12020 12045 214
12039 12059 74
12043 12048 65
12073 12116 242
12078 12106 10
12079 12108 202
12081 12124 294
12100 12131 91
12127 12159 275
12136 12139 56
12143 12164 200
12151 12178 245
12178 12199 35
12207 12212 39
12231 12249 6
12251 12255 158
12254 12289 71
12258 12267 94
12263 12272 230
12271 12296 187
12280 12296 132
12282 12290 48
12299 12346 31
12326 12339 77
12328 12353 236
12336 12366 15
12359 12381 295
12359 12397 164
12389 12435 43
12395 12402 103
12399 12431 207
12401 12426 8
12410 12427 297
12414 12457 299
12422 12434 62
12426 12452 108
12456 12458 108
12463 12511 198
12493 12517 94
12511 12531 83
12518 12546 89
12545 12588 97
12570 12608 35
12585 12615 51
12593 12627 273
12604 12632 287
12608 12635 264
12631 12665 8
12661 12686 204
12681 12696 175
12707 12729 224
12720 12766 135
12732 12757 259
12760 12775 222
12763 12779 194
12777 12778 155
12804 12825 160
12827 12857 207
12851 12863 219
12868 12913 180
12896 12897 276
12914 12928 222
12916 12942 45
12928 12949 192
12941 12970 223
12966 12977 17
12985 13024 248
12994 13034 135
12996 13017 300
13026 13035 117
13036 13068 32
13038 13066 218
13050 13090 245
13066 13079 29
13090 13098 14
13105 13128 37
13119 13163 248
13131 13148 202
13143 13152 268
13154 13201 197
13157 13201 134
13176 13186 274
13196 13214 234
13212 13251 10
13232 13257 166
13250 13299 19
13275 13322 204
13299 13301 156
13323 13354 57
13325 13365 82
13352 13399 288
13374 13405 233
13393 13433 23
13415 13456 130
13418 13450 260
13419 13445 62
13426 13446 116
13450 13499 244
13476 13519 184
13496 13537 93
13511 13517 111
13527 13572 219
13557 13595 297
13564 13567 120
13572 13602 60
13577 13602 163
13578 13612 134
13593 13621 186
13597 13602 272
13598 13601 243
13626 13665 274
13630 13653 120
13635 13652 228
13665 13675 242
13675 13683 198
13703 13713 286
13728 13754 33
13752 13767 40
13758 13784 298
13787 13819 56
13795 13830 93
13825 13827 191
13832 13859 83
13845 13854 192
13853 13858 50
13866 13915 147
13895 13943 114
13917 13925 186
13936 13942 112
13937 13938 192
13956 13999 150
13983 13992 156
13983 13998 34
14002 14021 24
14023 14058 151
14035 14046 106
14048 14083 148
14060 14098 198
14067 14090 289
14077 14121 281
14105 14110 111
14121 14166 76
14134 14161 74
14151 14186 10
14154 14195 229
14178 14223 227
14205 14248 239
14215 14259 294
14232 14262 61
14240 14276 16
14256 14278 158
14259 14295 293
14288 14316 185
14304 14329 103
14329 14342 247
14351 14373 63
14351 14387 188
14353 14379 220
14370 14390 26
14380 14427 299
14385 14397 194
14388 14399 242
14405 14411 39
14428 14453 211
14458 14485 97
14474 14521 217
14475 14492 53
14501 14504 220
14531 14575 181
14539 14555 120
14539 14553 72
14564 14573 99
14588 14602 197
14592 14636 217
14607 14655 218
14618 14649 22
14641 14663 37
14666 14674 145
14690 14733 227
14714 14719 44
14716 14724 20
14727 14737 46
14735 14778 52
14747 14786 82
14768 14812 174
14795 14821 132
14812 14831 58
14812 14861 113
14823 14832 83
14830 14832 75
14832 14855 147
14844 14881 151
14854 14871 150
14871 14888 6
14900 14904 73
14918 14937 14
14946 14948 93
14955 14991 117
14958 14987 268
14986 14998 211
15007 15011 183
15034 15050 188
15050 15061 268
15080 15124 22
15095 15139 48
15109 15147 14
15139 15173 202
15168 15212 121
15180 15219 65
15198 15217 65
15215 15246 190
15224 15226 72
15252 15255 165
15276 15324 38
15305 15343 278
15330 15350 297
15335 15383 230
15339 15372 190
15341 15343 44
15343 15366 28
15360 15404 231
15364 15392 110
15369 15404 117
15371 15383 100
15387 15424 78
15399 15431 187
15428 15469 178
15452 15465 48
15465 15476 79
15467 15482 45
15489 15498 259
15506 15543 283
15529 15532 41
15547 15588 121
15562 15567 49
15568 15573 236
15584 15624 91
15585 15631 157
15614 15656 132
15624 15643 297
15626 15632 21
15655 15676 230
15680 15701 198
15688 15717 80
15692 15711 292
15715 15751 292
15733 15754 136
15752 15784 155
15777 15784 209
15802 15825 294
15823 15865 54
15832 15840 261
15842 15843 37
15863 15897 24
15892 15942 91
15921 15928 251
15937 15980 289
15965 15967 122
15991 16001 146
16016 16048 53
16021 16038 134
16039 16071 236
16063 16101 177
16070 16101 6
16096 16132 205
16106 16136 7
16107 16152 15
16124 16135 296
16128 16144 22
16145 16193 217
16163 16172 266
16189 16222 199
16194 16230 67
16210 16249 208
16221 16236 190
16246 16251 14
16260 16283 123
16287 16318 32
16291 16332 214
16303 16308 71
16327 16334 37
16348 16394 237
16376 16393 255
16396 16431 216
16421 16434 19
16424 16443 76
16450 16487 269
16462 16499 54
16480 16508 101
16507 16522 290
16537 16563 96
16540 16562 226
16543 16550 200
16565 16612 244
16571 16587 54
16584 16620 99
16604 16642 74
16620 16624 222
16624 16658 134
16624 16660 274
16633 16680 193
16660 16670 247
16660 16706 138
16690 16738 131
16707 16749 274
16713 16746 162
16717 16746 116
16744 16755 156
16762 16794 9
16784 16787 118
16797 16821 171
16815 16820 205
16837 16881 253
16857 16878 212
16857 16904 100
16868 16904 166
16895 16945 49
16917 16963 83
16942 16982 162
16961 16995 76
16983 17019 138
16998 16999 96
16999 17007 288
17029 17033 229
17040 17076 294
17070 17101 267
17086 17102 115
17110 17112 26
17124 17162 64
17154 17200 215
17179 17183 271
17202 17225 148
17207 17224 131
17234 17255 166
17243 17268 120
17245 17292 4
17261 17277 244
17284 17325 261
17311 17334 205
17336 17354 126
17345 17375 238
17351 17392 133
17369 17377 211
17379 17426 252
17405 17410 231
17409 17448 122
17437 17473 49
17439 17447 91
17447 17480 143
17477 17522 93
17497 17514 36
17507 17511 292
17511 17541 62
17530 17531 31
17531 17562 102
17540 17558 175
17552 17567 181
17562 17605 77
17563 17567 30
17582 17619 225
17604 17647 162
17604 17640 102
17624 17657 218
17631 17637 58
17632 17644 222
17644 17664 223
17647 17664 223
17653 17662 87
17665 17669 165
17691 17712 108
17716 17752 208
17737 17778 230
17745 17770 210
17762 17807 40
17766 17815 49
17772 17806 59
17782 17823 112
17798 17799 17
17826 17853 29
17831 17840 200
17835 17863 45
17835 17848 275
17843 17867 37
17847 17866 28
17855 17859 89
17872 17899 244
17894 17932 33
17914 17922 248
17918 17962 92
17932 17966 237
17932 17964 252
17940 17945 15
17963 17995 183
17992 18038 67
18010 18014 46
18029 18071 223
18042 18081 226
18055 18088 248
18082 18092 265
18088 18113 148
18106 18111 266
18130 18178 20
18151 18168 276
18167 18196 3
18197 18207 46
18221 18240 92
18227 18236 75
18240 18253 165
18263 18305 237
18281 18317 18
18291 18332 255
18297 18345 212
18323 18334 40
18353 18359 184
18373 18394 237
18377 18416 74
18401 18409 77
18403 18421 80
18408 18432 156
18416 18460 93
18443 18491 225
18456 18473 192
18485 18520 238
18486 18516 202
18489 18534 214
18495 18545 151
18520 18533 19
18529 18530 56
18554 18558 128
18560 18601 215
18588 18633 99
18600 18647 202
18620 18638 100
18621 18633 47
18643 18672 250
18653 18677 162
18653 18689 198
18660 18663 151
18669 18698 89
18679 18725 34
18709 18759 23
18720 18736 277
18728 18734 24
18751 18779 108
18775 18805 244
18784 18791 174
18792 18819 142
18814 18836 118
18840 18875 206
18864 18900 284
18869 18880 200
18874 18895 12
18884 18930 140
18902 18931 34
18910 18940 262
18911 18951 284
18914 18960 35
18935 18943 173
18957 19007 7
18984 18994 47
19009 19052 176
19027 19045 269
19046 19061 6
19070 19120 188
19073 19088 225
19082 19130 14
19110 19140 79
19125 19142 198
19130 19131 57
19131 19145 163
19134 19152 74
19152 19154 210
19172 19220 95
19198 19246 157
19207 19218 109
19210 19232 287
19219 19225 195
19238 19273 111
19259 19308 5
19264 19267 283
19272 19294 37
19284 19298 276
19302 19305 258
19324 19346 152
19345 19351 138
19361 19376 197
19370 19388 179
19376 19402 162
19398 19414 205
19407 19419 108
19418 19463 108
19438 19479 220
19442 19463 60
19453 19487 286
19455 19476 154
19459 19472 235
19486 19517 185
19504 19505 205
19520 19566 139
19526 19544 104
19527 19536 3
19549 19556 119
19574 19583 35
19585 19626 30
19613 19663 110
19643 19661 139
19643 19686 79
19657 19693 256
19667 19693 254
19675 19721 101
19677 19725 15
19705 19712 265
19728 19751 289
19731 19732 23
19740 19753 157
19753 19802 260
19778 19781 168
19792 19808 208
19802 19822 146
19810 19837 44
19828 19830 37
19848 19870 136
19856 19882 97
19884 19893 66
19904 19927 271
19918 19925 183
19934 19980 287
19955 19961 253
19955 19965 289
19964 19987 172
19967 19995 255
19971 20014 15
19990 20023 112
20006 20007 76
20007 20016 75
20009 20010 268
20036 20063 296
20055 20075 265
20057 20066 41
20067 20080 144
20079 20098 169
20100 20103 283
20101 20112 168
20117 20166 107
20145 20176 287
20169 20177 113
20198 20244 78
20200 20222 33
20218 20227 76
20242 20261 90
20254 20272 228
20274 20309 138
20296 20320 297
20301 20319 171
20306 20337 86
20312 20335 198
20333 20363 191
20341 20359 295
20370 20407 91
20387 20407 248
20415 20448 119
20434 20441 75
20452 20468 165
20473 20485 290
20485 20487 293
20505 20508 85
20522 20556 210
20525 20553 62
20538 20570 240
20568 20573 163
20577 20607 122
20600 20623 228
20619 20620 176
20633 20655 42
20663 20693 202
20668 20710 141
20697 20713 172
20722 20733 153
20727 20730 224
20727 20747 102
20727 20736 104
20730 20773 109
20755 20792 174
20756 20788 96
20773 20779 187
20803 20853 4
20829 20837 144
20830 20853 42
20838 20846 44
20852 20896 236
20862 20900 52
20886 20922 147
20904 20927 54
20934 20982 10
20945 20949 195
20956 20996 87
20973 21015 156
20999 21028 168
21013 21024 53
21040 21045 49
21047 21097 22
21050 21079 128
21076 21109 33
21094 21106 260
21123 21170 224
21144 21189 75
21152 21164 129
21178 21200 116
21188 21210 1
21197 21227 195
21198 21245 55
21225 21233 220
21242 21267 48
21253 21300 165
21281 21315 294
21302 21337 49
21323 21345 49
21325 21326 132
21346 21383 9
21360 21381 250
21383 21384 32
21411 21458 270
21423 21445 278
21443 21445 72
21466 21498 97
21493 21514 202
21521 21541 14
21551 21599 183
21573 21580 233
21587 21623 29
21605 21647 108
21607 21650 203
21613 21652 276
21640 21658 88
21654 21675 23
21668 21682 113
21694 21710 225
21699 21721 171
21708 21716 37
21719 21730 83
21748 21785 292
21758 21794 11
21780 21824 27
21806 21828 9
21814 21858 101
21817 21842 106
21820 21850 169
21831 21860 249
21838 21885 164
21862 21867 254
21883 21894 217
21890 21893 31
21895 21913 29
21912 21921 164
21919 21956 159
21934 21946 37
21963 21974 167
21969 21979 276
21991 22001 66
22013 22060 14
22033 22071 258
22056 22100 222
22066 22115 48
22091 22113 125
22104 22121 287
22123 22134 15
22153 22154 49
22169 22181 24
22174 22175 277
22177 22205 248
22194 22222 78
22201 22251 216
22213 22250 258
22215 22241 187
22227 22259 217
22254 22285 52
22255 22290 48
22255 22256 1
22265 22300 238
22281 22307 197
22286 22305 176
22308 22342 104
22322 22347 115
22337 22380 37
22343 22392 77
22354 22371 282
22379 22387 233
22386 22402 253
22406 22411 114
22422 22427 263
22429 22435 149
22443 22463 70
22448 22455 200
22472 22515 218
22494 22508 269
22515 22529 228
22531 22548 281
22533 22542 177
22543 22578 207
22562 22567 272
22575 22601 214
22596 22643 42
22624 22670 203
22649 22688 75
22649 22655 127
22653 22688 284
22681 22689 11
22702 22741 125
22729 22745 91
22750 22757 54
22771 22786 96
22797 22836 288
22819 22849 129
22828 22833 224
22844 22861 291
22845 22871 253
22874 22882 169
22891 22917 224
22921 22958 22
22941 22975 127
22942 22988 297
22960 22997 136
22968 23007 92
22976 22995 250
22976 23012 49
22987 23026 143
23004 23031 218
23026 23039 25
23028 23039 48
23058 23085 55
23070 23091 148
23078 23102 40
23084 23130 172
23084 23118 263
23104 23112 296
23130 23177 260
23134 23160 194
23142 23160 294
23171 23175 93
23175 23185 84
23189 23229 259
23217 23253 263
23235 23255 252
23251 23271 23
23271 23301 109
23282 23319 57
23284 23293 59
23307 23347 21
23329 23358 259
23359 23360 84
23379 23410 196
23384 23407 261
23396 23437 155
23398 23407 56
23412 23455 38
23427 23453 84
23439 23462 129
23467 23488 231
23493 23507 42
23514 23519 140
23520 23543 26
23541 23552 192
23562 23607 44
23587 23606 238
23598 23615 297
23624 23635 260
23653 23692 300
23671 23697 298
23693 23740 288
23712 23719 216
23731 23747 33
23744 23781 153
23773 23797 184
23786 23787 67
23799 23825 1
23807 23809 267
23813 23815 153
23837 23862 287
23866 23870 299
23878 23887 139
23878 23911 14
23894 23916 46
23903 23945 88
23925 23952 104
23944 23991 210
23944 23954 15
23964 23993 116
23976 24015 73
23996 24003 280
24023 24052 197
24023 24050 273
24050 24061 176
24051 24072 128
24060 24061 111
24088 24103 225
24112 24120 23
24140 24181 200
24163 24189 127
24193 24203 8
24216 24225 219
24244 24262 238
24245 24273 40
24274 24279 138
24274 24321 180
24289 24302 205
24299 24326 148
24305 24322 21
24309 24351 67
24319 24321 200
24334 24369 233
24341 24391 203
24371 24382 65
24396 24431 143
24412 24426 26
24434 24461 70
24463 24488 219
24467 24512 21
24467 24511 225
24482 24528 148
24492 24511 164
24506 24554 51
24512 24517 186
24533 24545 273
24554 24561 83
24564 24610 97
24567 24582 172
24570 24588 101
24589 24594 88
24608 24658 188
24613 24654 112
24628 24658 86
24648 24696 79
24652 24654 42
24671 24677 104
24685 24688 287
24712 24760 125
24722 24748 124
24728 24730 107
24739 24775 88
24749 24783 33
24749 24787 93
24773 24813 121
24790 24817 41
24804 24851 156
24808 24838 122
24812 24826 293
24818 24856 286
24821 24827 114
24824 24857 202
24830 24867 110
24833 24849 198
24835 24840 55
24837 24849 202
24862 24871 168
24876 24900 11
24880 24910 202
24903 24939 143
24915 24943 237
24933 24936 79
24954 25004 47
24971 24992 2
24999 25024 78
25017 25030 113
25036 25082 129
25047 25078 266
25063 25101 140
25069 25092 165
25072 25087 264
25076 25095 169
25084 25101 119
25111 25160 200
25124 25157 139
25125 25160 48
25128 25132 37
25155 25203 115
25156 25160 138
25161 25175 211
25163 25168 86
25186 25219 277
25213 25231 12
25233 25239 57
25251 25289 102
25264 25282 239
25264 25310 256
25281 25317 56
25296 25300 242
25308 25328 103
25313 25358 71
25339 25349 142
25365 25387 168
25383 25400 50
25409 25412 182
25422 25444 248
25435 25481 120
25461 25470 122
25483 25491 298
25489 25530 263
25512 25552 90
25536 25573 106
25545 25560 30
25552 25573 127
25576 25605 61
25593 25616 124
25604 25640 88
25616 25621 23
25631 25663 227
25635 25663 175
25664 25711 25
25682 25732 246
25688 25723 200
25696 25729 92
25722 25762 242
25734 25738 280
25738 25760 57
25764 25781 140
25766 25807 104
25769 25803 214
25781 25793 57
25791 25823 125
25796 25809 251
25826 25864 8
25846 25861 222
25874 25919 140
25887 25895 92
25905 25940 71
25926 25933 300
25927 25970 200
25947 25978 126
25958 25978 240
25986 25999 209
25990 25994 5
26014 26062 267
26044 26077 174
26052 26088 31
26057 26081 5
26081 26110 300
26081 26126 265
26090 26092 158
26095 26131 112
26115 26133 204
26136 26146 294
26137 26165 61
26152 26175 275
26153 26159 54
26157 26170 300
26162 26181 246
26164 26165 251
26179 26205 274
26180 26185 98
26204 26209 83
26227 26242 8
26238 26249 213
26239 26266 168
26265 26278 89
26280 26314 34
26305 26333 233
26327 26335 10
26334 26377 115
26353 26389 51
26367 26393 151
26386 26429 31
26409 26410 37
26433 26464 46
26455 26468 239
26458 26475 243
26465 26511 222
26483 26513 247
26485 26531 219
26495 26518 67
26518 26551 172
26532 26537 249
26534 26572 235
26541 26581 187
26566 26616 195
26588 26633 146
26591 26628 252
26594 26644 38
26601 26629 216
26609 26629 58
26616 26631 101
26619 26651 39
26631 26639 59
26656 26694 195
26683 26707 38
26701 26742 190
26713 26757 109
26714 26752 204
26716 26746 158
26744 26765 278
26774 26814 182
26793 26819 114
26817 26859 194
26834 26864 174
26857 26907 234
26871 26906 263
26881 26900 29
26895 26910 103
26925 26933 74
26954 26989 267
26979 27010 232
26990 27013 75
27010 27026 44
27026 27045 107
27050 27091 25
27069 27109 37
27096 27133 260
27108 27109 215
27128 27152 15
27148 27191 259
27148 27167 189
27174 27189 97
27177 27207 290
27193 27196 1
27204 27244 29
27218 27230 162
27229 27232 277
27241 27262 97
27270 27320 292
27286 27319 294
27302 27334 50
27329 27376 240
27332 27369 228
27343 27345 158
27354 27401 101
27376 27426 105
27381 27429 55
27389 27407 83
27409 27447 202
27417 27446 89
27427 27469 32
27439 27445 120
27452 27462 156
27476 27502 127
27488 27491 81
27515 27542 61
27521 27570 8
27541 27555 242
27558 27600 54
27564 27610 284
27574 27589 93
27577 27588 233
27598 27607 73
27622 27663 262
27622 27640 182
27631 27678 192
27631 27652 17
27631 27646 233
27653 27698 207
27679 27702 184
27687 27736 185
27692 27731 276
27704 27735 254
27715 27735 164
27718 27750 110
27741 27760 25
27758 27767 168
27773 27806 79
27793 27798 267
27805 27848 254
27805 27842 287
27813 27822 19
27840 27849 4
27865 27901 187
27883 27914 294
27902 27940 53
27913 27917 166
27943 27947 139
27952 27987 176
27982 28013 100
27987 28028 37
27996 28027 207
28022 28039 284
28022 28055 148
28034 28049 53
28045 28055 268
28068 28109 169
28070 28091 235
28098 28113 124
28119 28163 241
28128 28166 62
28137 28158 289
28165 28174 285
28190 28194 223
28194 28203 204
28220 28255 119
28234 28262 251
28256 28270 237
28264 28273 116
28292 28323 179
28315 28360 291
28342 28360 283
28348 28379 17
28374 28376 294
28387 28437 188
28393 28440 297
28414 28435 184
28421 28437 150
28448 28487 46
28476 28479 236
28489 28534 188
28509 28518 155
28514 28549 71
28529 28560 63
28540 28586 145
28564 28592 278
28593 28596 285
28603 28630 28
28608 28654 121
28617 28629 102
28631 28657 190
28652 28671 262
28655 28685 256
28669 28670 268
28683 28702 127
28690 28694 74
28709 28721 93
28712 28734 120
28733 28762 217
28742 28749 53
28765 28806 186
28788 28817 265
28789 28825 64
28817 28833 5
28842 28875 129
28855 28890 211
28862 28911 186
28868 28904 282
28886 28894 261
28915 28947 208
28932 28982 96
28944 28964 58
28962 28978 197
28987 29017 150
29011 29025 6
29033 29055 9
29042 29058 39
29071 29091 280
29101 29115 205
29114 29162 71
29141 29161 44
29170 29219 283
29194 29222 266
29202 29250 15
29228 29256 293
29233 29235 118
29256 29305 185
29263 29285 116
29263 29306 77
29280 29286 281
29306 29338 225
29335 29339 292
29353 29360 78
29366 29375 104
29395 29413 115
29425 29428 151
29451 29494 184
29454 29488 187
29454 29460 242
29454 29491 173
29471 29501 193
29498 29509 238
29505 29525 295
29506 29507 134
29523 29552 97
29544 29578 35
29562 29599 11
29563 29603 165
29581 29625 146
29586 29603 170
29606 29613 160
29623 29641 93
29628 29667 209
29653 29665 273
29657 29664 250
29663 29682 66
29670 29671 204
29697 29726 209
29715 29751 24
29733 29783 292
29762 29769 118
29773 29779 108
29797 29814 235
29824 29837 186
29827 29849 205
29852 29860 8
29874 29907 122
29897 29940 180
29915 29924 209
29930 29969 63
29958 29986 285
29967 29976 223
29983 29992 161
29998 30032 140
30020 30033 78
30041 30055 53
30054 30056 17
30066 30116 20
30066 30096 155
30084 30096 256
30108 30153 235
30132 30159 75
30146 30171 24
30157 30194 62
30184 30192 16
30193 30197 70
30198 30239 227
30213 30260 123
30214 30237 109
30229 30260 202
30231 30244 231
30245 30288 138
30254 30260 134
30260 30302 159
30275 30321 274
30298 30332 151
30314 30352 195
30344 30377 157
30373 30388 126
30383 30399 266
30391 30439 141
30407 30429 157
30412 30452 187
30426 30467 152
30454 30497 98
30460 30492 115
30479 30528 294
30499 30533 162
30527 30540 292
30556 30567 219
30585 30611 163
30597 30634 264
30623 30668 178
30652 30702 33
30656 30663 56
30682 30726 173
30703 30720 82
30704 30749 250
30728 30752 152
30749 30774 151
30754 30756 242
30756 30776 56
30768 30779 138
30796 30827 32
30797 30836 292
30816 30862 205
30834 30846 258
30862 30908 119
30889 30921 78
30896 30920 258
30907 30947 169
30910 30952 247
30938 30950 212
30955 31005 244
30975 30987 26
31002 31040 33
31007 31014 6
31028 31059 273
31051 31094 239
31077 31100 56
31092 31094 286
31108 31146 37
31122 31152 90
31151 31197 45
31178 31203 250
31184 31201 39
31196 31219 8
31226 31233 269
31246 31283 143
31250 31281 5
31274 31296 127
31304 31339 68
31305 31333 148
31323 31324 89
31351 31356 208
31359 31373 162
31379 31405 171
31386 31434 27
31394 31423 76
31397 31436 197
31413 31422 96
31419 31422 274
31427 31470 64
31435 31484 137
31463 31465 8
31482 31507 219
31491 31517 35
31515 31537 184
31516 31524 21
31531 31545 184
31556 31560 251
31570 31574 44
31579 31622 23
31604 31624 199
31612 31620 77
31623 31660 129
31637 31645 136
31660 31692 21
31664 31701 81
31694 31699 9
31716 31731 31
31720 31759 15
31734 31763 248
31750 31755 215
31772 31820 227
31777 31826 158
31789 31814 219
31816 31830 152
31836 31877 250
31843 31889 140
31845 31869 214
31868 31913 280
31873 31885 92
31892 31919 158
31913 31954 138
31916 31943 276
31935 31964 66
31937 31952 108
31944 31970 43
31960 31965 47
31971 32021 5
31976 32007 243
31979 32001 215
32006 32036 225
32010 32049 72
32027 32042 40
32035 32050 100
32037 32039 43
32066 32090 275
32083 32126 199
32107 32112 214
32127 32157 84
32141 32151 100
32150 32180 290
32157 32184 191
32159 32189 165
32184 32194 228
32204 32252 169
32213 32242 237
32236 32278 2
32264 32273 39
32264 32271 222
32269 32310 69
32290 32303 16
32290 32299 100
32298 32299 73
32318 32351 217
32323 32333 95
32331 32381 70
32336 32352 19
32347 32368 52
32364 32365 279
32378 32418 265
32391 32439 288
32398 32408 2
32414 32463 207
32418 32436 97
32436 32466 9
32446 32466 25
32454 32475 127
32470 32504 226
32492 32521 80
32513 32551 68
32516 32537 54
32528 32568 42
32553 32598 264
32555 32556 217
32556 32594 107
32583 32602 271
32613 32631 146
32625 32632 32
32626 32639 273
32634 32637 276
32643 32682 35
32650 32660 47
32666 32713 142
32678 32713 73
32686 32720 51
32699 32736 254
32725 32757 297
32732 32754 23
32761 32800 184
32766 32805 79
32788 32805 182
32796 32826 161
32809 32831 127
32838 32885 167
32850 32887 136
32858 32880 42
32877 32913 250
32886 32915 97
32913 32945 173
32937 32940 166
32946 32987 180
32947 32991 69
32965 33002 292
32982 33005 246
32989 33030 110
32999 33015 278
33005 33027 283
33030 33043 32
33034 33066 61
33045 33079 251
33050 33085 155
33072 33074 287
33098 33132 262
33124 33143 210
33146 33194 26
33172 33182 56
33190 33239 294
33220 33224 270
33220 33258 271
33223 33249 187
33236 33253 222
33260 33267 109
33268 33312 186
33275 33324 80
33276 33316 88
33292 33323 10
33294 33329 231
33311 33323 299
33337 33371 157
33349 33375 90
33374 33411 280
33382 33408 268
33403 33451 239
33431 33466 9
33442 33475 75
33453 33461 264
33481 33494 273
33498 33534 131
33513 33523 125
33515 33558 42
33540 33547 110
33556 33604 230
33585 33613 25
33604 33649 23
33605 33607 97
33611 33650 252
33622 33640 107
33640 33660 197
33654 33676 82
33667 33704 115
33676 33706 163
33678 33681 152
33678 33723 126
33684 33701 182
33689 33730 15
33710 33729 202
33714 33762 24
33737 33741 140
33753 33769 215
33780 33803 239
33792 33812 193
33822 33828 122
33841 33866 107
33869 33901 221
33883 33933 300
33883 33893 31
33909 33928 103
33916 33933 51
33924 33930 109
33933 33959 143
33957 33977 104
33974 34023 181
34001 34002 42
34019 34065 194
34025 34032 75
34048 34060 219
34053 34067 125
34067 34116 184
34085 34133 153
34089 34123 232
34118 34121 102
34130 34138 227
34134 34177 233
34151 34170 44
34153 34176 49
34175 34218 283
34188 34212 2
34191 34241 170
34214 34217 114
34222 34255 63
34250 34274 109
34260 34295 278
34280 34327 283
34310 34356 67
34330 34378 268
34336 34382 65
34361 34396 170
34378 34411 230
34407 34446 19
34415 34422 252
34429 34436 269
34457 34479 48
34486 34525 206
34510 34517 152
34523 34543 294
34546 34588 282
34556 34563 252
34582 34598 55
34605 34638 144
34613 34661 272
34633 34658 296
34654 34659 207
34656 34704 123
34666 34705 105
34692 34713 123
34706 34747 229
34728 34760 103
34749 34758 204
34779 34797 153
34785 34833 256
34796 34797 153
34807 34849 189
34832 34839 176
34844 34856 9
34870 34910 26
34886 34900 32
34905 34941 202
34926 34971 52
34941 34945 190
34967 34981 106
34974 35014 235
34975 34982 48
34980 34995 106
34984 34993 102
34995 35013 234
34996 35004 200
35020 35068 61
35045 35048 163
35071 35075 140
35071 35080 92
35097 35113 285
35112 35124 179
35126 35155 39
35140 35166 180
35152 35171 246
35172 35199 227
35186 35200 91
35193 35227 11
35211 35236 248
35224 35257 247
35226 35254 120
35254 35258 213
35254 35256 268
35279 35325 114
35285 35286 201
35299 35319 72
35303 35340 102
35314 35349 149
35338 35371 20
35338 35370 6
35360 35378 116
35362 35364 235
35370 35411 149
35374 35404 176
35404 35427 13
35425 35473 296
35451 35474 219
35481 35512 86
35491 35531 122
35493 35534 145
35496 35524 145
35520 35538 106
35549 35588 112
35574 35609 256
35586 35596 266
35588 35595 116
35589 35629 105
35594 35622 202
35613 35635 235
35636 35673 287
35648 35679 194
35673 35683 239
35692 35700 23
35705 35737 128
35723 35749 181
35729 35766 49
35736 35752 61
35757 35783 88
35773 35800 38
35773 35780 85
35785 35831 190
35804 35822 124
35808 35837 173
35831 35864 269
35841 35862 187
35844 35863 187
35865 35897 74
35883 35912 232
35909 35943 48
35933 35951 186
35961 35980 264
35967 36003 33
35973 35986 253
35976 35997 209
35992 36012 215
36009 36023 142
36021 36022 194
36025 36037 237
36026 36071 240
36046 36059 2
36076 36104 97
36080 36096 262
36081 36100 131
36105 36131 204
36106 36122 129
36134 36156 145
36155 36196 158
36164 36172 229
36191 36225 233
36219 36247 160
36222 36238 171
36239 36280 253
36244 36287 147
36264 36285 296
36293 36338 184
36304 36343 189
36320 36356 240
36336 36340 3
36357 36389 168
36381 36405 177
36411 36431 42
36415 36444 174
36439 36448 45
36465 36492 16
36487 36494 276
36503 36549 21
36529 36555 266
36543 36584 3
36572 36583 94
36591 36631 228
36620 36641 33
36630 36665 155
36635 36678 142
36649 36652 27
36678 36687 101
36682 36711 104
36710 36728 215
36717 36758 245
36719 36751 121
36734 36759 217
36745 36758 58
36751 36796 240
36762 36791 276
36779 36800 94
36798 36825 7
36808 36847 231
36832 36849 164
36847 36893 269
36865 36894 74
36895 36940 73
36905 36927 255
36910 36916 86
36925 36937 205
36951 36975 240
36976 36977 61
37002 37052 225
37027 37064 176
37054 37068 99
37062 37109 199
37083 37126 135
37092 37110 74
37119 37144 19
37148 37173 250
37150 37163 59
37168 37216 105
37170 37212 88
37175 37224 90
37175 37202 167
37175 37206 111
37177 37206 241
37184 37212 256
37211 37234 69
37217 37237 119
37222 37265 150
37252 37263 138
37261 37285 215
37281 37322 5
37282 37330 16
37303 37347 275
37312 37342 255
37330 37379 131
37343 37385 53
37346 37357 70
37357 37398 240
37378 37415 240
37395 37421 299
37412 37414 276
37439 37478 268
37440 37464 169
37454 37501 273
37474 37514 31
37489 37505 296
37503 37520 146
37521 37523 281
37530 37565 264
37559 37590 148
37583 37629 65
37597 37635 289
37606 37624 273
37615 37664 213
37625 37637 17
37646 37674 268
37647 37688 138
37676 37705 300
37699 37735 19
37712 37753 47
37734 37740 101
37753 37794 116
37767 37770 140
37785 37807 271
37813 37855 39
37840 37883 53
37864 37867 290
37864 37914 143
37864 37908 295
37885 37909 128
37908 37934 276
37920 37949 102
37950 37984 286
37956 37989 73
37979 38005 238
38009 38029 161
38016 38031 245
38023 38041 29
38025 38028 254
38039 38056 213
38059 38087 79
38077 38123 43
38092 38121 281
38093 38124 76
38118 38142 63
38130 38171 222
38142 38182 152
38155 38184 265
38179 38227 2
38193 38218 249
38214 38219 25
38215 38253 1
38239 38279 38
38248 38250 20
38261 38292 252
38271 38287 39
38293 38341 16
38322 38366 119
38327 38328 100
38351 38363 47
38358 38403 139
38382 38398 216
38392 38407 35
38417 38444 52
38433 38461 104
38448 38495 73
38473 38479 153
38499 38532 185
38499 38535 17
38514 38540 4
38535 38559 105
38553 38578 219
38564 38592 237
38586 38624 155
38613 38656 11
38621 38628 265
38644 38654 239
38659 38681 243
38674 38699 94
38685 38718 6
38706 38729 64
38720 38727 264
38724 38766 153
38751 38771 92
38768 38812 91
38794 38837 186
38799 38826 10
38814 38831 181
38839 38847 77
38852 38892 244
38872 38888 81
38900 38944 272
38920 38949 65
38942 38945 113
38956 38989 256
38978 38999 134
38986 39000 268
39007 39034 162
39022 39050 125
39033 39054 230
39046 39081 251
39052 39101 119
39071 39079 182
39085 39111 209
39092 39139 13
39122 39123 160
39128 39136 296
39128 39158 41
39140 39162 277
39158 39197 202
39176 39206 47
39186 39197 237
39200 39229 187
39209 39215 100
39222 39260 287
39252 39295 80
39256 39260 219
39284 39324 17
39313 39361 170
39329 39338 277
39337 39382 11
39338 39340 146
39365 39380 194
39368 39379 24
39383 39427 118
39398 39409 191
39426 39462 182
39433 39444 182
39442 39457 8
39470 39489 181
39484 39507 125
39489 39506 59
39504 39505 141
39531 39581 186
39536 39543 288
39545 39567 232
39555 39572 292
39574 39592 128
39599 39613 27
39621 39636 247
39646 39679 84
39657 39707 46
39665 39710 79
39667 39710 284
39675 39677 36
39691 39694 218
39718 39736 218
39720 39736 125
39738 39772 5
39745 39779 204
39754 39801 157
39772 39790 230
39786 39834 214
39789 39818 46
39810 39847 262
39821 39851 236
39824 39825 64
39850 39893 18
39853 39882 212
39872 39899 211
39876 39916 38
39896 39897 117
39897 39906 256
39901 39944 111
39921 39922 155
39940 39984 60
39943 39949 100
39948 39958 57
39960 40004 1
39976 40002 10
39994 40003 12
39994 40003 277
39994 40014 60
40008 40046 4
40010 40058 49
40040 40047 233
40061 40085 189
40075 40104 144
40075 40092 183
40087 40108 184
40101 40148 36
40114 40120 81
40123 40153 276
40141 40150 227
40154 40159 93
40184 40199 141
40208 40244 43
40228 40232 25
40254 40276 194
40258 40288 293
40284 40326 182
40299 40346 29
40317 40355 253
40319 40354 81
40333 40338 107
40340 40346 189
40344 40367 15
40365 40411 270
40393 40435 88
40395 40428 177
40413 40418 253
40436 40467 273
40456 40467 236
40473 40486 74
40478 40513 194
40484 40516 70
40509 40542 275
40531 40552 178
40550 40564 48
40571 40584 299
40598 40625 201
40598 40602 132
40622 40647 115
40647 40693 299
40663 40685 155
40666 40705 157
40690 40711 246
40720 40740 282
40741 40756 253
40751 40775 262
40755 40769 126
40771 40773 112
40796 40844 91
40797 40830 162
40815 40852 157
40827 40859 50
40838 40883 250
40846 40860 118
40853 40854 33
40867 40879 36
40892 40912 209
40903 40932 229
40930 40969 204
40956 40991 38
40985 41033 295
40994 41038 147
41017 41031 271
41026 41055 199
41048 41054 144
41071 41073 293
41094 41134 300
41111 41159 126
41140 41173 3
41169 41199 130
41199 41202 134
41218 41262 278
41225 41271 260
41242 41265 285
41257 41295 145
41273 41305 170
41279 41326 133
41287 41316 130
41314 41360 191
41322 41336 255
41343 41381 132
41355 41380 13
41373 41391 293
41392 41394 197
41417 41427 158
41444 41480 147
41457 41493 285
41469 41504 63
41484 41518 60
41499 41516 160
41507 41508 245
41530 41557 234
41545 41576 8
41563 41583 120
41578 41601 192
41588 41608 270
41598 41609 280
41603 41639 97
41611 41651 223
41617 41645 36
41633 41669 86
41656 41677 50
41663 41693 48
41671 41686 114
41692 41715 246
41721 41730 139
41745 41768 106
41767 41809 188
41779 41795 145
41779 41804 231
41796 41799 250
41808 41843 32
41826 41829 231
41845 41890 112
41867 41874 219
41873 41896 267
41893 41915 26
41915 41954 72
41921 41964 240
41931 41938 1
41951 41963 219
41960 41969 95
41965 41974 152
41965 41974 182
41990 42026 202
42015 42042 45
42042 42046 98
42058 42069 66
42061 42102 177
42085 42101 158
42112 42162 185
42132 42162 173
42152 42166 292
42167 42204 285
42173 42177 86
42176 42185 216
42201 42249 268
42213 42232 35
42234 42246 24
42261 42292 122
42267 42278 48
42288 42320 165
42294 42309 207
42322 42340 281
42337 42380 87
42352 42400 243
42361 42391 16
42386 42406 71
42392 42421 141
42400 42404 62
42405 42441 144
42406 42423 4
42416 42447 20
42442 42473 73
42442 42446 234
42444 42457 53
42463 42475 268
42490 42533 171
42513 42526 41
42537 42543 241
42555 42563 2
42573 42606 34
42602 42637 245
42632 42656 140
42657 42660 152
42678 42721 126
42685 42706 35
42703 42724 189
42723 42753 291
42735 42737 91
42740 42782 31
42748 42766 43
42760 42803 260
42763 42804 270
42767 42810 137
42779 42788 58
42802 42823 53
42814 42858 219
42839 42844 236
42862 42873 274
42878 42895 179
42902 42913 193
42903 42936 262
42921 42937 241
42922 42928 125
42922 42944 216
42930 42969 257
42960 42993 233
42979 42981 171
42993 43023 255
42994 43041 44
43022 43070 15
43044 43085 139
43062 43091 149
43075 43107 158
43097 43135 296
43116 43134 236
43125 43134 198
43134 43151 212
43140 43162 217
43165 43174 251
43173 43189 75
43195 43220 86
43223 43262 18
43226 43228 12
43232 43279 151
43236 43244 57
43259 43275 85
43264 43271 252
43277 43307 134
43278 43308 25
43290 43297 243
43297 43347 213
43304 43333 19
43314 43352 269
43326 43338 175
43336 43343 209
43348 43380 294
43370 43417 210
43389 43399 51
43417 43422 287
43419 43468 231
43430 43476 249
43457 43501 275
43459 43483 266
43485 43496 71
43501 43539 200
43523 43524 152
43553 43603 187
43572 43582 219
43586 43607 36
43595 43618 297
43609 43641 291
43620 43659 104
43635 43641 104
43636 43640 190
43647 43676 11
43655 43670 119
43674 43694 63
43692 43725 173
43718 43751 171
43718 43747 217
43729 43755 108
43730 43758 161
43758 43790 106
43761 43775 156
43764 43782 239
43790 43818 239
43803 43834 93
43806 43824 148
43832 43858 164
43839 43874 300
43842 43878 298
43850 43880 152
43879 43924 237
43908 43948 117
43931 43966 143
43944 43975 176
43961 43996 97
43964 44012 21
43978 43987 185
44000 44037 46
44021 44050 110
44024 44044 15
44030 44071 92
44059 44094 288
44061 44078 84
44071 44113 30
44081 44089 86
44084 44132 13
44103 44115 93
44104 44124 260
44107 44128 148
44132 44145 67
44134 44168 269
44152 44154 30
44177 44209 152
44183 44202 75
44200 44204 43
44225 44268 244
44234 44252 279
44260 44271 41
44265 44292 144
44294 44341 100
44320 44326 147
44326 44329 278
44340 44389 55
44340 44359 66
44370 44373 171
44380 44394 9
44403 44448 290
44408 44426 109
44426 44474 197
44453 44487 48
44460 44492 266
44490 44508 89
44510 44542 107
44528 44550 209
44538 44584 87
44562 44602 207
44575 44611 246
44596 44612 58
44621 44637 149
44640 44685 152
44657 44699 39
44678 44691 32
44706 44709 115
44721 44769 34
44734 44766 171
44754 44794 67
44775 44824 46
44775 44780 172
44783 44806 285
44796 44840 10
44806 44846 280
44822 44872 210
44836 44866 57
44859 44907 161
44888 44905 285
44916 44923 187
44926 44954 30
44946 44987 20
44973 44994 205
44992 45023 79
44998 45013 198
45007 45049 172
45025 45029 265
45026 45041 201
45039 45069 248
45056 45098 242
45056 45081 79
45063 45065 102
45084 45125 133
45089 45126 191
45092 45093 282
45096 45100 111
45125 45159 255
45136 45170 147
45152 45156 257
45166 45207 171
45168 45171 77
45180 45191 197
45186 45228 107
45205 45235 25
45206 45256 222
45213 45219 114
45225 45237 101
45237 45254 61
45256 45302 9
45281 45303 283
45297 45310 165
45323 45328 106
45324 45371 21
45342 45363 181
45353 45363 60
45382 45396 5
45388 45438 83
45394 45443 242
45406 45443 69
45417 45465 70
45441 45485 26
45465 45500 181
45495 45522 203
45522 45536 131
45551 45553 52
45551 45565 123
45572 45588 74
45602 45626 18
45626 45629 218
45656 45671 41
45663 45707 101
45685 45697 160
45685 45734 238
45712 45729 42
45717 45721 20
45739 45756 58
45752 45790 102
45755 45799 90
45755 45768 239
45756 45791 294
45778 45809 217
45806 45833 258
45807 45854 160
45819 45848 238
45821 45844 289
45826 45829 201
45838 45872 167
45851 45894 289
45868 45908 182
45886 45916 142
45898 45916 58
45927 45931 160
45929 45979 293
45930 45962 163
45958 45986 115
45963 45979 158
45964 46010 54
45972 46001 121
45977 45978 233
45983 45987 295
45990 46034 168
46012 46048 257
46029 46051 240
46054 46064 287
46074 46088 96
46090 46103 18
46090 46110 181
46106 46133 259
46134 46167 10
46135 46153 162
46145 46162 242
46147 46159 274
46172 46208 100
46172 46194 58
46185 46193 32
46186 46216 210
46194 46217 266
46219 46246 269
46236 46252 204
46257 46306 296
46280 46297 50
46285 46300 211
46308 46332 131
46322 46365 216
46339 46354 60
46359 46360 195
46377 46399 13
46404 46452 286
46422 46449 65
46434 46449 65
46444 46462 58
46472 46492 45
46473 46493 103
46493 46523 17
46499 46530 282
46501 46537 6
46502 46531 57
46519 46567 256
46549 46575 192
46550 46597 279
46562 46593 116
46586 46596 200
46607 46628 264
46619 46638 150
46628 46657 168
46655 46685 135
46667 46714 153
46690 46700 177
46711 46751 253
46735 46765 64
46747 46762 148
46754 46757 248
46784 46790 98
46790 46794 118
46811 46860 141
46814 46825 154
46831 46876 288
46834 46880 289
46860 46875 30
46872 46876 25
46885 46922 46
46903 46924 132
46924 46950 194
46949 46957 157
46967 46974 198
46969 47005 23
46980 47023 16
47004 47036 257
47024 47070 202
47028 47055 123
47034 47052 10
47035 47069 97
47036 47041 131
47064 47069 234
47067 47070 34
47084 47123 238
47102 47124 74
47103 47108 17
47122 47126 219
47151 47174 160
47178 47188 241
47205 47214 146
47213 47231 121
47240 47286 11
47269 47317 230
47271 47287 97
47271 47286 220
47281 47314 275
47285 47300 239
47297 47328 99
47311 47352 255
47334 47347 160
47358 47404 22
47366 47414 74
47377 47410 75
47396 47426 281
47403 47449 234
47421 47455 1
47443 47451 95
47445 47459 201
47451 47494 157
47463 47487 200
47474 47514 67
47482 47493 219
47496 47502 23
47520 47538 76
47547 47585 240
47552 47576 105
47559 47569 263
47584 47622 105
47607 47631 119
47609 47657 59
47633 47637 202
47639 47660 7
47639 47679 201
47656 47682 70
47686 47703 156
47708 47717 277
47715 47723 148
47720 47753 174
47748 47797 182
47767 47809 152
47778 47789 279
47800 47838 190
47826 47851 124
47829 47876 284
47832 47868 86
47853 47896 201
47864 47867 143
47886 47932 83
47908 47944 189
47914 47941 263
47931 47961 227
47950 47971 11
47956 47971 280
47983 48012 162
48003 48013 279
48030 48033 40
48043 48093 270
48054 48055 126
48084 48099 48
48100 48146 177
48124 48141 113
48126 48130 42
48136 48142 243
48136 48141 142
48157 48182 130
48166 48184 284
48196 48241 209
48213 48220 28
48232 48249 70
48241 48290 119
48247 48264 20
48255 48279 218
48264 48265 284
48278 48322 252
48279 48281 96
48302 48314 27
48329 48372 108
48353 48402 205
48373 48412 219
48379 48418 52
48394 48409 284
48416 48431 206
48445 48474 224
48462 48501 300
48478 48511 75
48490 48494 220
48507 48517 130
48519 48560 185
48524 48571 57
48542 48589 103
48546 48566 238
48546 48582 125
48554 48586 20
48564 48610 153
48593 48629 190
48623 48667 42
48646 48667 145
48675 48692 198
48678 48701 211
48679 48691 91
48690 48729 218
48708 48758 176
48733 48761 150
48737 48764 141
48739 48764 8
48748 48767 226
48765 48770 53
48766 48770 144
48790 48829 88
48807 48810 162
48822 48832 200
48850 48854 93
48866 48901 168
48879 48916 274
48889 48934 34
48897 48941 4
48924 48939 212
48954 48992 140
48969 49014 273
48986 49022 142
49011 49053 236
49012 49023 113
49014 49036 27
49023 49068 40
49050 49058 5
49076 49106 204
49093 49129 143
49111 49122 81
49137 49159 4
49158 49192 40
49164 49168 10
49176 49202 286
49177 49183 265
49205 49247 55
49215 49240 242
49232 49248 59
49233 49277 153
49234 49268 218
49256 49282 265
49271 49280 10
49301 49318 38
49327 49361 151
49342 49364 173
49351 49378 226
49367 49372 140
49394 49398 54
49417 49459 14
49430 49447 67
49446 49494 121
49454 49470 133
49479 49482 33
49493 49534 148
49509 49547 151
49537 49553 149
49548 49565 6
49576 49582 80
49588 49625 251
49594 49635 225
49619 49642 100
49621 49656 224
49649 49664 293
49675 49722 45
49704 49741 184
49725 49727 146
49728 49755 264
49741 49760 8
49744 49757 230
49746 49779 257
49758 49778 245
49758 49765 226
49783 49808 1
49804 49842 101
49815 49826 239
49818 49854 101
49846 49848 183
49849 49896 239
49859 49880 133
49860 49889 65
49878 49888 264
49882 49920 78
49903 49942 279
49920 49942 270
49939 49963 241
49965 49984 251
49979 49992 273
50005 50050 169
50005 50015 52
50008 50038 40
50027 50042 65
50040 50078 65
50060 50108 37
50066 50074 135
50079 50092 87
50085 50126 42
50098 50100 21
50115 50145 140
50122 50153 223
50132 50142 267
50139 50185 41
50142 50154 148
50161 50168 167
50182 50232 208
50194 50224 224
50216 50233 54
50243 50290 160
50268 50297 110
50284 50293 142
50305 50309 284
50315 50349 274
50335 50357 173
50343 50374 183
50369 50394 249
50382 50431 281
50386 50416 249
50414 50443 269
50429 50467 240
50433 50464 111
50457 50486 71
50465 50487 12
50465 50514 294
50487 50511 292
50497 50511 184
50514 50535 270
50529 50574 231
50548 50552 193
50556 50604 74
50566 50597 227
50580 50610 142
50604 50652 94
50634 50640 59
50636 50686 6
50655 50678 95
50677 50724 194
50693 50712 54
50712 50727 232
50742 50752 186
50766 50787 10
50773 50822 65
50784 50794 263
50810 50835 169
50837 50874 24
50842 50876 121
50872 50887 254
50873 50896 168
50883 50929 155
50904 50952 98
50924 50934 272
50930 50932 119
50943 50948 239
50958 50985 40
50969 51015 65
50985 51032 209
50999 51011 115
51016 51036 285
51037 51041 27
51067 51074 67
51080 51095 79
51108 51117 87
51133 51172 17
51146 51160 41
51162 51191 30
51182 51212 122
51201 51247 127
51218 51243 132
51248 51260 296
51265 51268 8
51270 51290 193
51286 51309 63
51291 51295 226
51297 51326 249
51326 51354 129
51351 51359 103
51356 51390 105
51369 51391 30
51370 51383 62
51375 51418 260
51382 51416 85
51402 51425 67
51406 51449 31
51406 51412 169
51427 51436 124
51433 51447 195
51459 51499 238
51478 51506 43
51480 51511 105
51487 51513 18
51507 51525 168
51514 51526 18
51515 51562 52
51523 51548 101
51523 51549 45
51541 51545 199
51551 51574 81
51568 51589 67
51575 51620 4
51592 51629 36
51619 51646 218
51621 51651 135
51625 51629 227
51625 51669 176
51651 51670 300
51667 51685 35
51681 51700 112
51694 51704 7
51700 51701 1
51719 51729 242
51743 51781 121
51764 51779 17
51784 51785 245
51795 51824 198
51810 51830 35
51827 51853 21
51856 51900 169
51874 51912 213
51898 51942 258
51922 51926 192
51951 51967 37
51966 51976 138
51992 52024 104
52004 52040 247
52033 52040 283
52054 52092 187
52077 52121 16
52107 52157 128
52125 52156 195
52125 52159 113
52147 52172 48
52169 52190 187
52181 52184 104
52182 52211 4
52210 52254 28
52210 52240 234
52218 52242 68
52247 52264 75
52263 52278 9
52278 52281 278
52292 52297 292
52296 52310 76
52325 52366 221
52332 52346 154
52356 52402 200
52384 52401 203
52399 52425 162
52426 52457 164
52455 52478 133
52470 52505 268
52489 52503 274
52499 52544 96
52527 52536 138
52552 52599 89
52561 52604 13
52566 52567 95
52585 52613 3
52597 52624 76
52607 52639 4
52623 52630 21
52640 52650 188
52669 52698 200
52699 52748 26
52704 52726 147
52705 52733 78
52714 52715 127
52728 52773 191
52743 52749 262
52771 52781 18
52782 52819 200
52795 52825 46
52818 52861 36
52847 52896 79
52876 52905 184
52891 52894 173
52894 52927 81
52923 52942 183
52928 52931 119
52935 52972 136
52957 53003 181
52979 53029 139
53009 53057 289
53009 53015 15
53021 53037 74
53029 53039 113
53037 53083 92
53055 53069 246
53070 53082 250
53095 53127 188
53112 53131 58
53140 53161 240
53153 53203 2
53177 53190 82
53202 53252 194
53210 53230 158
53220 53265 34
53243 53275 17
53273 53280 83
53289 53321 59
53310 53315 51
53325 53367 53
53331 53375 168
53361 53364 8
53362 53395 66
53363 53378 16
53370 53376 137
53384 53424 296
53413 53420 103
53432 53463 53
53455 53472 237
53459 53481 42
53465 53502 220
53475 53515 157
53481 53486 78
53492 53528 296
53502 53504 239
53525 53544 69
53526 53553 208
53530 53563 153
53557 53594 109
53587 53594 212
53594 53635 73
53616 53653 247
53641 53645 271
53644 53666 104
53663 53664 268
53677 53700 103
53706 53740 87
53710 53759 160
53729 53775 276
53737 53786 49
53739 53742 74
53742 53754 4
53753 53802 120
53765 53805 279
53765 53806 65
53779 53825 270
53786 53792 199
53796 53839 254
53796 53831 246
53817 53859 235
53832 53850 208
53852 53898 247
53861 53889 37
53883 53900 19
53894 53939 274
53895 53932 281
53903 53935 17
53912 53950 177
53913 53923 212
53914 53927 163
53944 53972 215
53968 53986 143
53971 54020 254
53971 53984 195
54000 54005 15
54028 54036 280
54037 54084 5
54056 54089 57
54080 54112 69
54101 54118 164
54115 54125 117
54118 54142 32
54125 54129 193
54150 54184 70
54170 54197 281
54186 54203 129
54216 54242 160
54242 54272 94
54253 54297 232
54272 54298 39
54284 54320 140
54285 54297 189
54302 54323 159
54304 54308 107
54318 54330 2
54328 54340 108
54354 54359 40
54376 54404 57
54379 54415 265
54381 54392 190
54381 54423 220
54382 54401 200
54396 54412 159
54405 54454 201
54414 54459 224
54424 54474 244
54451 54452 280
54470 54486 297
54492 54495 73
54519 54551 12
54536 54546 138
54565 54589 194
54570 54612 207
54593 54610 245
54600 54619 285
54627 54669 173
54645 54661 196
54660 54679 230
54668 54708 274
54692 54717 61
54708 54727 94
54733 54738 25
54747 54749 77
54766 54774 38
54775 54821 31
54777 54786 38
54788 54809 294
54793 54811 265
54802 54849 145
54814 54825 250
54816 54822 132
54838 54864 99
54863 54865 3
54887 54915 238
54917 54943 240
54920 54923 56
54930 54968 205
54932 54959 131
54957 54958 99
54980 55004 193
54999 55048 217
55000 55015 266
55006 55039 7
55017 55056 256
55043 55053 51
55060 55080 164
55065 55108 106
55071 55096 122
55074 55110 245
55094 55113 120
55103 55148 292
55106 55139 68
55110 55144 203
55124 55169 54
55134 55174 242
55143 55161 99
55156 55162 273
55157 55170 92
55167 55180 120
55189 55199 276
55219 55245 86
55223 55270 262
55243 55288 167
55260 55270 197
55283 55284 266
55305 55339 132
55324 55349 136
55350 55381 17
55374 55398 261
55384 55432 3
55404 55448 299
55428 55434 131
55445 55449 121
55473 55488 282
55473 55481 269
55501 55525 47
55501 55543 23
55520 55558 152
55521 55548 91
55547 55563 66
55550 55561 140
55571 55605 50
55592 55613 73
55592 55594 287
55614 55639 280
55639 55655 251
55643 55687 146
55670 55683 179
55693 55717 141
55703 55730 157
55714 55742 84
55739 55750 145
55745 55746 87
55750 55800 212
55765 55790 253
55792 55832 148
55803 55848 189
55814 55837 235
55839 55888 101
55851 55901 94
55866 55867 259
55879 55891 284
55881 55899 92
55907 55918 64
55927 55955 223
55953 55976 284
55954 55980 39
55958 55959 223
55978 55992 157
56002 56032 209
56017 56043 223
56022 56027 216
56030 56074 224
56039 56072 6
56055 56070 84
56080 56087 74
56080 56114 231
56097 56131 200
56104 56131 22
56104 56110 59
56112 56157 129
56120 56131 259
56122 56140 52
56133 56145 72
56146 56187 251
56155 56173 114
56178 56216 144
56195 56201 90
56196 56203 137
56223 56272 212
56248 56250 16
56250 56292 236
56259 56292 238
56264 56291 206
56276 56277 210
56285 56322 226
56296 56322 152
56313 56352 257
56318 56360 226
56332 56370 221
56352 56391 262
56359 56398 254
56371 56408 269
56371 56417 79
56377 56417 295
56403 56429 276
56415 56464 151
56415 56442 103
56445 56471 130
56464 56472 85
56483 56516 20
56500 56534 283
56526 56534 130
56542 56583 12
56542 56559 295
56549 56567 56
56563 56601 208
56583 56632 33
56612 56642 4
56642 56676 21
56650 56684 292
56664 56687 105
56681 56720 296
56694 56703 17
56708 56734 272
56728 56739 109
56743 56793 236
56754 56795 39
56774 56775 18
56781 56814 247
56798 56847 198
56799 56836 281
56800 56839 297
56820 56836 129
56841 56880 13
56847 56888 2
56852 56859 264
56852 56863 6
56865 56891 143
56868 56892 150
56870 56902 42
56892 56901 65
56913 56961 101
56942 56985 97
56963 56967 191
56987 57007 227
56996 57023 259
57003 57041 272
57023 57050 167
57035 57045 130
57043 57088 87
57061 57077 215
57073 57117 28
57074 57087 162
57084 57115 217
57098 57099 50
57124 57150 229
57136 57162 89
57159 57187 3
57189 57230 126
57211 57219 45
57237 57268 248
57258 57269 242
57259 57276 278
57259 57305 272
57263 57281 188
57265 57276 144
57266 57309 251
57270 57290 78
57270 57307 254
57287 57321 80
57304 57317 256
57318 57365 250
57336 57383 234
57352 57401 10
57367 57381 116
57389 57437 288
57399 57447 148
57415 57456 166
57441 57474 232
57465 57507 147
57495 57504 174
57525 57547 143
57538 57569 40
57551 57552 169
57580 57629 124
57587 57592 236
57611 57621 17
57613 57646 109
57627 57657 200
57644 57666 49
57660 57692 284
57675 57725 223
57686 57713 98
57698 57741 10
57719 57729 136
57738 57742 223
57756 57770 45
57765 57791 78
57794 57844 284
57820 57833 161
57823 57843 26
57851 57900 16
57867 57882 264
57884 57930 32
57898 57938 45
57906 57931 57
57932 57952 115
57952 57961 65
57958 57995 23
57968 57972 169
57978 58020 190
57993 58018 32
58013 58059 66
58017 58048 217
58022 58023 289
58028 58058 267
58034 58059 179
58043 58071 219
58046 58085 297
58067 58110 29
58082 58104 41
58093 58141 191
58093 58129 256
58101 58127 65
58104 58132 5
58108 58134 3
58133 58152 10
58155 58196 92
58159 58176 291
58185 58203 85
58208 58233 41
58223 58264 210
58235 58262 190
58248 58249 159
58260 58291 170
58276 58283 92
58280 58301 137
58301 58319 284
58302 58333 50
58304 58338 12
58307 58309 151
58309 58342 181
58319 58343 39
58320 58347 146
58346 58350 203
58351 58378 177
58352 58398 206
58363 58404 256
58363 58376 64
58363 58403 144
58375 58380 147
58380 58410 125
58404 58450 155
58423 58442 178
58446 58494 232
58462 58497 208
58471 58480 149
58485 58492 293
58494 58508 4
58504 58550 39
58513 58537 34
58527 58540 231
58556 58557 15
58584 58626 198
58584 58633 255
58594 58599 251
58597 58641 63
58609 58622 270
58612 58623 236
58627 58651 65
58628 58666 167
58635 58672 133
58652 58655 80
58654 58670 41
58664 58677 222
58680 58712 56
58688 58689 212
58707 58722 60
58707 58722 249
58712 58753 198
58731 58754 50
58761 58788 105
58777 58806 20
58784 58791 15
58790 58833 229
58792 58827 28
58795 58821 159
58801 58834 136
58816 58845 226
58846 58847 3
58851 58856 216
58873 58896 91
58900 58902 87
58929 58958 281
58953 58989 168
58974 58975 198
59000 59019 188
59006 59008 124
59008 59056 76
59025 59028 70
59044 59090 44
59059 59109 104
59075 59118 69
59095 59126 284
59104 59146 225
59124 59141 156
59126 59140 217
59151 59185 128
59158 59165 110
59167 59187 236
59174 59222 56
59202 59237 262
59217 59221 205
59226 59240 185
59252 59295 11
59272 59274 110
59274 59285 179
59295 59299 49
59312 59326 251
59335 59359 289
59336 59363 299
59359 59395 300
59362 59399 267
59369 59413 111
59381 59398 127
59390 59399 234
59419 59449 2
59424 59442 10
59437 59442 20
59441 59445 118
59464 59501 92
59472 59485 118
59496 59503 49
59499 59511 41
59522 59544 55
59542 59567 227
59550 59561 173
59565 59583 139
59574 59577 131
59583 59602 144
59593 59640 3
59597 59644 230
59601 59631 256
59624 59625 224
59634 59645 210
59647 59685 87
59676 59714 273
59679 59715 219
59701 59717 76
59710 59713 66
59739 59773 161
59751 59764 122
59764 59791 169
59781 59812 159
59785 59815 250
59789 59804 242
59804 59808 258
59817 59864 9
59824 59862 99
59844 59887 242
59866 59890 286
59875 59898 123
59905 59951 44
59907 59943 256
59913 59958 138
59918 59923 191
59946 59993 89
59959 60000 103
59985 60032 88
60009 60038 278
60030 60048 59
60037 60062 139
60043 60082 189
60053 60095 284
60062 60087 158
60067 60080 91
60076 60092 150
60082 60100 197
60091 60129 279
60110 60143 170
60114 60115 179
60136 60182 160
60146 60190 101
60170 60176 58
60191 60218 158
60215 60255 212
60231 60268 262
60258 60283 299
60274 60275 215
60296 60345 95
60320 60368 126
60328 60340 213
60353 60374 39
60370 60386 166
60375 60385 196
60386 60433 162
60405 60442 222
60415 60462 37
60444 60467 119
60468 60502 231
60495 60529 224
60521 60556 133
60530 60563 167
60552 60596 227
60579 60620 136
60608 60644 152
60630 60637 285
60644 60677 42
60665 60713 10
60675 60719 232
60704 60749 280
60719 60724 118
60735 60784 270
60747 60785 202
60757 60783 82
60778 60826 277
60800 60834 300
60819 60821 40
60844 60873 156
60870 60881 169
60880 60883 237
60905 60954 227
60920 60933 127
60943 60963 160
60960 60976 229
60977 60985 247
60984 60992 92
60994 61017 119
61008 61016 62
61024 61026 66
61041 61074 112
61042 61077 207
61046 61082 91
61056 61089 79
61062 61078 299
61073 61083 13
61080 61087 59
61087 61111 250
61108 61148 183
61137 61186 245
61150 61190 26
61180 61185 244
61196 61204 169
61218 61255 46
61218 61265 124
61236 61275 145
61253 61267 12
61259 61269 283
61267 61271 9
61292 61339 232
61322 61338 174
61346 61356 206
61363 61378 182
61377 61391 252
61387 61424 17
61403 61426 265
61420 61438 102
61427 61440 203
61448 61497 192
61465 61501 259
61486 61501 175
61511 61531 179
61538 61547 69
61544 61546 216
61570 61574 272
61584 61623 109
61588 61594 100
61588 61606 107
61618 61661 105
61619 61633 176
61644 61672 205
61666 61713 189
61694 61744 243
61712 61750 111
61723 61769 252
61753 61787 152
61764 61771 252
61775 61781 159
61796 61840 107
61819 61857 215
61842 61862 86
61852 61854 119
61859 61872 31
61862 61887 196
61891 61914 79
61907 61931 162
61910 61913 188
61921 61931 286
61946 61959 11
61949 61955 297
61975 61984 98
61985 62035 158
62007 62021 72
62028 62049 16
62047 62090 229
62071 62082 29
62078 62108 246
62089 62103 261
62114 62129 52
62121 62145 233
62123 62130 236
62151 62186 51
62153 62202 249
62168 62189 123
62177 62224 41
62181 62183 273
62193 62236 208
62222 62238 133
62236 62265 185
62256 62271 55
62259 62304 249
62276 62302 81
62299 62307 179
62327 62348 90
62343 62349 282
62347 62377 27
62352 62356 13
62377 62417 61
62380 62423 278
62387 62421 40
62413 62421 39
62415 62459 197
62418 62450 237
62442 62455 274
62464 62489 59
62466 62509 297
62487 62493 8
62505 62535 201
62513 62522 275
62524 62548 220
62551 62591 291
62555 62600 283
62572 62606 255
62576 62614 31
62583 62605 287
62611 62645 248
62626 62652 181
62628 62656 48
62656 62705 116
62658 62697 258
62668 62687 215
62698 62725 124
62718 62759 169
62732 62734 121
62761 62798 300
62783 62832 28
62811 62817 110
62815 62830 119
62817 62848 167
62826 62840 6
62846 62861 126
62856 62880 67
62878 62913 173
62880 62882 236
62904 62913 283
62926 62938 198
62947 62984 125
62960 63004 218
62980 62999 275
62986 63010 60
63005 63043 21
63011 63027 194
63034 63076 269
63039 63089 205
63068 63075 110
63090 63119 186
63098 63101 104
63120 63148 230
63144 63190 52
63157 63193 150
63157 63163 89
63181 63227 213
63190 63239 13
63219 63260 125
63240 63279 18
63257 63278 288
63263 63298 34
63279 63326 15
63303 63340 262
63330 63380 87
63360 63364 4
63367 63394 34
63375 63392 204
63377 63381 22
63397 63438 63
63408 63425 14
63419 63427 91
63427 63447 298
63451 63471 285
63460 63475 132
63490 63506 142
63504 63506 17
63523 63562 32
63538 63553 171
63567 63576 299
63568 63592 296
63593 63634 133
63610 63636 256
63618 63654 194
63640 63683 297
63645 63666 189
63657 63684 256
63686 63717 123
63716 63730 140
63737 63762 120
63755 63792 275
63768 63780 205
63798 63806 131
63806 63855 204
63817 63852 47
63841 63857 219
63863 63868 92
63889 63932 287
63890 63934 244
63901 63920 280
63921 63925 210
63926 63932 64
63939 63953 228
63950 63954 23
63964 63998 281
63973 63992 263
63991 64015 162
63999 64043 187
64026 64073 51
64033 64078 159
64037 64043 263
64054 64058 97
64056 64094 160
64077 64079 197
64097 64123 17
64127 64150 43
64134 64174 288
64159 64202 152
64160 64192 125
64170 64189 178
64183 64223 141
64189 64196 239
64189 64206 38
64196 64230 66
64224 64237 173
64245 64268 202
64255 64297 143
64277 64314 260
64307 64346 221
64325 64336 121
64354 64356 184
64379 64420 82
64383 64391 242
64411 64417 52
64433 64477 215
64448 64491 184
64460 64479 31
64486 64518 184
64501 64515 138
64509 64540 287
64510 64560 162
64515 64522 8
64517 64546 202
64521 64539 136
64537 64546 269
64559 64570 103
64580 64587 31
64605 64631 244
64618 64656 126
64620 64657 107
64650 64664 170
64673 64698 185
64695 64708 289
64722 64741 11
64741 64786 55
64747 64760 37
64747 64753 254
64763 64773 29
64781 64782 151
64781 64800 215
64793 64817 206
64804 64841 158
64819 64827 55
64822 64837 258
64824 64871 203
64853 64859 160
64883 64933 161
64908 64943 24
64909 64922 270
64912 64957 36
64912 64928 111
64937 64973 183
64966 65015 156
64979 64983 84
64986 65023 247
64986 65019 189
65007 65029 206
65023 65051 172
65029 65075 91
65051 65089 279
65067 65070 261
65075 65116 163
65094 65139 187
65107 65112 179
65115 65122 276
65131 65170 175
65133 65154 79
65163 65212 169
65165 65185 223
65195 65198 264
65208 65217 292
65221 65254 243
65230 65260 221
65238 65249 169
65260 65272 275
65277 65307 216
65278 65311 205
65291 65294 32
65304 65354 139
65317 65356 79
65320 65329 259
65325 65341 41
65341 65387 289
65370 65385 180
65371 65414 17
65396 65445 266
65404 65411 75
65414 65454 256
65438 65459 196
65467 65514 42
65475 65481 240
65484 65506 158
65503 65512 1
65527 65545 169
65529 65530 167
65543 65577 8
65556 65583 34
65559 65584 83
65573 65592 5
65580 65606 136
65607 65654 238
65607 65633 291
65631 65632 266
65651 65689 97
65680 65717 143
65705 65718 7
65726 65745 2
65744 65775 45
65761 65809 98
65779 65799 120
65809 65828 250
65812 65853 243
65830 65838 273
65831 65873 288
65848 65858 273
65868 65887 90
65888 65912 230
65893 65895 267
65923 65961 250
65934 65945 247
65956 65986 49
65980 66001 4
65999 66046 254
66014 66031 122
66040 66044 22
66041 66051 87
66049 66090 138
66067 66077 236
66081 66107 71
66094 66110 5
66100 66123 232
66102 66149 116
66122 66171 78
66125 66149 139
66134 66150 226
66158 66160 241
66175 66187 100
66181 66192 203
66195 66205 287
66221 66245 282
66241 66290 215
66251 66294 8
66272 66314 36
66272 66305 251
66296 66331 67
66322 66369 113
66341 66358 263
66354 66379 216
66380 66394 139
66380 66414 62
66388 66416 127
66410 66453 278
66424 66463 122
66446 66461 65
66474 66478 153
66504 66539 53
66509 66546 25
66527 66548 22
66530 66559 66
66533 66582 110
66562 66573 124
66563 66577 241
66573 66607 89
66576 66612 63
66579 66628 220
66601 66627 292
66622 66665 201
66626 66672 171
66646 66689 142
66665 66697 6
66690 66739 222
66690 66730 300
66709 66730 245
66725 66763 33
66733 66764 94
66739 66772 24
66764 66776 39
66789 66820 236
66793 66840 151
66817 66820 63
66823 66850 125
66839 66863 238
66864 66885 149
66878 66890 290
66896 66935 52
66905 66932 47
66917 66939 136
66934 66980 18
66954 66963 178
66970 66979 129
66981 67013 168
66986 66997 89
67012 67058 227
67023 67029 238
67039 67062 267
67066 67092 8
67067 67095 145
67087 67102 109
67108 67153 262
67135 67164 228
67164 67204 199
67184 67207 71
67190 67218 107
67204 67243 186
67206 67232 290
67209 67223 273
67229 67235 203
67244 67279 199
67274 67287 188
67276 67309 246
67296 67334 230
67299 67320 161
67312 67337 93
67320 67351 169
67345 67377 156
67355 67358 260
67366 67389 174
67381 67393 177
67400 67403 158
67424 67451 233
67454 67494 21
67484 67513 11
67513 67521 73
67523 67526 228
67532 67564 298
67553 67573 225
67580 67616 226
67601 67617 53
67602 67648 245
67630 67651 19
67658 67665 207
67686 67700 142
67715 67720 11
67716 67720 14
67730 67745 161
67738 67760 163
67764 67805 154
67784 67825 138
67785 67806 222
67802 67835 238
67803 67853 258
67810 67838 183
67836 67845 114
67862 67867 56
67876 67921 136
67881 67927 135
67883 67933 221
67887 67904 218
67903 67917 180
67921 67929 72
67931 67954 198
67945 67980 38
67970 67976 296
67972 68021 209
67980 68029 208
67999 68028 97
68014 68021 4
68028 68063 192
68034 68068 252
68051 68063 32
68079 68109 122
68080 68113 258
68102 68135 98
68122 68150 293
68143 68162 53
68159 68177 130
68177 68195 185
68184 68218 206
68212 68257 103
68234 68265 223
68246 68279 285
68266 68306 233
68296 68343 279
68320 68365 92
68341 68361 195
68358 68392 28
68368 68406 149
68377 68382 240
68394 68430 235
68399 68419 249
68418 68422 80
68422 68446 91
68429 68430 297
68442 68447 180
68464 68475 43
68486 68535 95
68499 68518 264
68529 68530 222
68533 68544 43
68558 68565 233
68583 68622 178
68607 68623 50
68620 68624 245
68622 68637 157
68637 68673 226
68661 68698 39
68675 68709 233
68693 68711 128
68693 68711 207
68723 68763 199
68726 68749 276
68742 68762 65
68761 68779 269
68790 68792 136
68794 68808 168
68823 68846 110
68843 68854 68
68858 68861 140
68865 68866 164
68876 68883 2
68894 68906 10
68918 68959 130
68923 68965 180
68946 68990 25
68974 69019 60
69004 69041 98
69021 69040 151
69028 69042 185
69045 69074 190
69070 69110 274
69079 69098 233
69104 69106 175
69105 69144 50
69105 69132 131
69125 69128 36
69155 69189 295
69184 69186 136
69211 69220 155
69214 69242 144
69218 69227 52
69231 69258 167
69236 69286 279
69261 69299 43
69275 69296 89
69289 69304 173
69291 69292 51
69303 69347 195
69330 69338 46
69346 69363 187
69360 69373 58
69380 69409 289
69395 69406 214
69402 69444 127
69419 69437 63
69435 69461 259
69459 69498 55
69460 69506 185
69490 69532 249
69513 69546 297
69531 69551 25
69559 69591 73
69559 69608 50
69576 69587 243
69595 69602 50
69600 69604 29
69619 69646 21
69642 69647 228
69662 69667 14
69671 69711 289
69701 69739 122
69724 69761 41
69754 69775 5
69769 69801 34
69795 69800 300
69804 69832 109
69830 69848 155
69847 69873 81
69851 69874 268
69858 69877 29
69872 69901 261
69872 69881 28
69884 69891 162
69898 69923 89
69911 69946 121
69914 69938 270
69923 69953 146
69942 69957 183
69944 69981 152
69949 69986 108
69953 69973 227
69953 69979 72
69958 70000 79
69973 70017 204
69973 70016 85
69976 70025 92
69976 69977 163
69997 70010 88
70002 70011 144
70020 70030 272
70043 70054 207
70071 70102 177
70081 70100 202
70081 70114 106
70102 70122 227
70125 70164 200
70134 70153 55
70147 70188 43
70152 70189 285
70168 70170 258
70193 70241 58
70210 70257 69
70210 70257 157
70222 70251 7
70239 70268 132
70246 70287 118
70261 70267 10
70275 70282 12
70286 70322 66
70292 70294 11
70298 70302 58
70325 70373 31
70352 70396 96
70353 70391 218
70372 70373 98
70394 70400 17
70424 70450 102
70454 70498 17
70482 70503 38
70501 70545 27
70528 70552 292
70549 70557 149
70579 70595 248
70594 70608 33
70603 70617 229
70630 70649 62
70647 70681 263
70660 70695 167
70683 70717 160
70711 70749 89
70738 70749 21
70741 70743 105
70761 70767 32
70765 70805 205
70787 70821 274
70808 70828 45
70816 70845 185
70841 70880 226
70859 70886 72
70874 70916 50
70902 70920 289
70908 70946 284
70926 70927 189
70939 70988 5
70941 70958 252
70968 71009 32
70990 71025 226
71000 71003 36
71011 71032 80
71039 71085 20
71056 71101 293
71078 71086 229
71103 71136 41
71123 71133 83
71130 71148 139
71139 71155 96
71139 71148 207
71165 71209 212
71190 71209 270
71203 71225 86
71208 71211 165
71210 71239 215
71210 71241 118
71215 71236 72
71222 71262 72
71242 71287 267
71243 71244 175
71247 71254 109
71273 71282 155
71287 71333 157
71289 71294 286
71309 71332 217
71315 71360 51
71323 71363 146
71327 71335 273
71355 71379 295
71385 71399 37
71401 71419 136
71414 71453 174
71443 71459 231
71448 71480 247
71449 71456 20
71456 71462 154
71467 71488 299
71482 71527 137
71512 71513 274
71528 71536 38
71556 71573 297
71567 71612 24
71567 71616 65
71596 71617 31
71602 71651 85
71617 71663 49
71626 71671 187
71653 71661 272
71671 71683 181
71699 71748 119
71716 71729 133
71716 71753 251
71735 71740 281
71746 71794 281
71758 71773 35
71780 71825 65
71794 71831 26
71807 71811 51
71809 71811 10
71823 71824 187
71850 71890 292
71864 71894 253
71894 71915 14
71901 71906 40
71901 71926 154
71910 71911 177
71917 71949 26
71934 71953 112
71959 71980 279
71959 71995 65
71965 71999 230
71989 72032 176
72017 72037 155
72020 72028 18
72034 72057 54
72054 72057 262
72055 72100 130
72070 72101 126
72078 72103 80
72095 72117 205
72125 72172 97
72155 72185 44
72182 72184 240
72198 72211 156
72204 72251 10
72228 72243 106
72250 72291 294
72253 72270 66
72277 72300 165
72280 72294 86
72303 72309 198
72315 72327 30
72337 72378 82
72359 72405 56
72361 72368 198
72376 72421 294
72401 72424 5
72429 72460 264
72445 72477 89
72458 72459 100
72475 72483 245
72489 72513 54
72490 72522 292
72520 72543 228
72538 72554 82
72565 72611 154
72571 72620 23
72582 72616 86
72612 72635 97
72640 72673 296
72669 72677 292
72681 72710 261
72688 72714 268
72706 72715 236
72713 72731 290
72717 72740 82
72733 72743 280
72738 72766 22
72765 72771 276
72780 72805 256
72801 72828 292
72827 72860 116
72854 72885 137
72856 72862 133
72881 72923 66
72898 72926 250
72899 72937 178
72916 72960 277
72923 72947 287
72927 72928 254
72941 72956 116
72949 72955 183
72965 72975 206
72989 73002 290
73014 73053 148
73020 73036 135
73036 73050 207
73065 73086 135
73071 73101 250
73071 73076 77
73071 73107 155
73091 73127 67
73103 73136 273
73116 73163 96
73136 73152 280
73157 73189 183
73181 73199 178
73199 73222 229
73203 73246 255
73232 73253 193
73243 73275 84
73260 73267 218
73261 73290 29
73279 73302 101
73280 73317 203
73300 73313 222
73327 73348 84
73344 73379 177
73359 73381 218
73366 73378 105
73366 73373 43
73377 73427 232
73406 73426 100
73412 73428 264
73418 73453 27
73421 73470 125
73445 73476 164
73447 73475 14
73469 73472 52
73488 73502 192
73488 73538 254
73506 73555 86
73509 73512 175
73513 73563 193
73540 73563 182
73540 73559 140
73544 73546 101
73552 73595 137
73576 73608 300
73602 73646 189
73631 73660 11
73634 73654 98
73660 73688 99
73690 73737 229
73715 73754 118
73743 73773 258
73758 73803 82
73788 73810 270
73812 73842 37
73815 73847 205
73837 73841 59
73844 73875 280
73855 73878 208
73878 73910 124
73879 73898 293
73880 73914 240
73881 73892 143
73898 73945 7
73906 73944 135
73913 73951 211
73931 73939 23
73954 74000 123
73979 73985 242
73982 73995 97
74001 74032 213
74014 74063 232
74020 74022 275
74050 74063 210
74072 74076 207
74083 74109 299
74104 74147 164
74112 74161 219
74118 74166 44
74131 74158 281
74143 74173 101
74155 74160 275
74185 74212 34
74196 74214 7
74203 74247 250
74210 74228 205
74238 74266 43
74241 74243 164
74245 74277 200
74272 74310 235
74292 74322 108
74297 74336 11
74322 74343 5
74329 74366 33
74343 74345 13
74365 74413 79
74365 74407 154
74368 74412 237
74394 74425 108
74402 74409 76
74429 74441 232
74456 74487 125
74459 74474 118
74485 74492 120
74485 74498 27
74510 74555 280
74531 74545 251
74531 74541 186
74540 74572 87
74561 74582 87
74584 74621 77
74608 74632 18
74638 74661 141
74646 74673 254
74674 74716 36
74694 74739 204
74705 74750 120
74722 74734 97
74748 74750 269
74776 74798 139
74791 74809 116
