5000
19 33 241
47 49 39
67 96 245
96 113 164
117 134 39
139 146 55
150 195 239
172 177 9
187 237 44
189 205 94
216 226 147
228 262 158
250 276 164
275 287 286
288 315 74
315 336 220
343 356 105
366 398 107
373 380 234
374 383 172
396 430 296
405 433 233
407 411 190
427 438 34
440 446 149
466 468 188
479 489 187
490 508 39
499 513 71
505 534 53
517 566 90
520 535 57
529 559 126
559 600 271
574 595 53
583 611 80
610 630 90
628 666 83
641 671 124
667 693 54
696 709 230
699 745 295
716 740 183
716 729 257
718 726 87
740 783 285
763 791 170
781 812 247
807 855 217
811 854 234
832 873 196
862 909 31
892 923 167
910 921 42
913 921 237
941 955 162
944 990 79
946 981 207
960 990 263
964 1003 269
983 996 84
1013 1033 197
1024 1070 187
1051 1069 62
1063 1082 141
1078 1104 31
1105 1133 278
1133 1142 92
1139 1181 2
1140 1166 227
1168 1179 133
1191 1208 152
1205 1228 103
1222 1226 276
1225 1245 81
1244 1278 45
1274 1305 21
1303 1341 285
1310 1335 23
1328 1374 117
1351 1391 263
1374 1416 167
1380 1386 95
1408 1411 226
1429 1432 124
1456 1488 146
1484 1495 174
1497 1500 85
1506 1554 22
1527 1546 61
1527 1555 206
1543 1564 147
1562 1598 164
1568 1601 1
1588 1597 151
1603 1638 166
1607 1609 139
1622 1645 90
1639 1658 272
1664 1713 36
1680 1716 240
1684 1731 241
1714 1723 33
1723 1728 171
1734 1767 33
1751 1754 173
1756 1795 282
1784 1823 237
1786 1829 107
1794 1803 168
1805 1814 167
1806 1815 79
1813 1835 33
1831 1881 207
1852 1866 208
1872 1914 133
1900 1938 128
1909 1950 253
1931 1979 182
1939 1955 99
1943 1972 3
1960 1974 167
1972 1999 261
2000 2016 81
2004 2013 111
2010 2017 85
2037 2050 144
2056 2071 49
2079 2088 60
2106 2123 5
2117 2142 136
2137 2166 230
2146 2160 232
2155 2197 38
2180 2186 131
2193 2228 62
2214 2262 133
2228 2273 172
2241 2269 210
2266 2301 135
2289 2320 27
2299 2346 91
2304 2306 174
2312 2328 260
2320 2357 53
2343 2369 122
2372 2396 271
2388 2405 243
2402 2423 292
2416 2440 54
2420 2460 160
2422 2433 24
2429 2439 200
2448 2498 32
2462 2508 204
2475 2523 83
2489 2505 204
2508 2552 12
2509 2544 250
2535 2554 266
2557 2565 49
2580 2620 152
2598 2642 145
2610 2611 4
2636 2681 33
2662 2709 191
2682 2728 41
2702 2726 32
2725 2755 137
2733 2775 57
2749 2785 225
2775 2810 150
2788 2825 271
2809 2829 15
2816 2843 260
2842 2857 252
2844 2863 167
2869 2877 164
2878 2917 211
2894 2922 50
2915 2918 142
2941 2965 279
2946 2963 107
2946 2951 167
2951 2999 59
2968 2976 90
2998 2999 125
3009 3051 294
3024 3036 249
3042 3082 199
3067 3103 148
3069 3076 254
3072 3088 90
3075 3110 252
3077 3109 63
3095 3114 124
3113 3151 287
3136 3179 154
3165 3210 157
3168 3190 243
3182 3229 259
3203 3249 198
3230 3256 146
3247 3283 202
3258 3259 299
3287 3321 278
3306 3327 105
3320 3355 246
3341 3355 151
3370 3417 163
3390 3411 74
3397 3436 99
3415 3457 236
3441 3453 200
3458 3497 178
3487 3495 259
3491 3512 153
3507 3549 84
3517 3552 176
3519 3559 131
3520 3563 240
3544 3545 107
3553 3585 62
3566 3580 120
3569 3588 94
3595 3619 276
3615 3649 160
3630 3679 81
3641 3656 216
3651 3678 246
3668 3689 181
3689 3705 236
3698 3736 149
3712 3751 55
3717 3736 2
3741 3763 13
3761 3770 251
3770 3816 175
3791 3802 112
3811 3837 132
3816 3832 171
3836 3867 246
3848 3857 281
3861 3908 153
3870 3892 183
3900 3925 35
3904 3919 196
3912 3957 47
3937 3975 69
3963 3984 135
3986 4025 289
4002 4014 63
4019 4040 12
4027 4040 223
4027 4038 269
4029 4068 260
4049 4097 91
4062 4093 152
4081 4084 137
4084 4125 155
4091 4101 240
4091 4094 223
4100 4124 178
4117 4151 258
4120 4122 242
4144 4183 142
4170 4220 37
4189 4218 146
4199 4247 191
4219 4244 25
4227 4250 74
4232 4261 82
4253 4298 250
4267 4317 217
4274 4298 214
4297 4303 72
4297 4313 240
4318 4322 101
4328 4362 93
4345 4389 243
4351 4380 74
4365 4403 212
4367 4368 159
4393 4421 261
4394 4423 2
4394 4402 206
4410 4423 102
4427 4476 124
4445 4479 71
4454 4458 38
4476 4516 295
4481 4513 13
4493 4500 273
4522 4561 139
4551 4577 102
4569 4586 281
4577 4599 11
4602 4624 277
4604 4644 146
4618 4636 49
4624 4669 198
4634 4635 101
4649 4682 64
4660 4690 181
4682 4730 176
4686 4700 233
4716 4718 85
4730 4762 164
4752 4797 260
4767 4791 4
4787 4826 128
4807 4808 80
4830 4835 117
4843 4888 219
4854 4874 124
4876 4914 6
4880 4924 55
4883 4902 180
4893 4898 293
4915 4920 123
4937 4942 270
4937 4943 277
4949 4973 60
4964 4975 164
4967 4985 218
4969 5007 197
4969 5018 89
4982 5001 173
4990 5001 33
5008 5054 297
5017 5062 12
5034 5060 249
5036 5071 30
5044 5081 65
5056 5097 278
5081 5119 181
5085 5109 261
5093 5096 142
5102 5132 215
5125 5169 117
5134 5145 111
5146 5188 289
5174 5215 87
5175 5194 36
5186 5214 253
5195 5237 244
5207 5220 217
5214 5242 207
5224 5229 156
5227 5264 176
5253 5278 78
5267 5282 145
5271 5290 268
5281 5307 87
5294 5338 15
5295 5298 289
5312 5351 29
5315 5350 287
5318 5347 288
5329 5343 295
5329 5347 22
5338 5362 81
5341 5343 45
5369 5416 157
5373 5386 233
5381 5398 182
5389 5426 170
5400 5421 101
5426 5476 38
5434 5441 262
5456 5506 90
5468 5469 97
5488 5512 130
5488 5519 128
5498 5547 42
5513 5535 32
5513 5538 167
5529 5553 163
5556 5569 154
5586 5612 202
5587 5611 125
5590 5618 227
5591 5594 155
5596 5623 76
5602 5613 283
5624 5646 284
5629 5644 255
5641 5683 218
5671 5702 124
5677 5704 86
5679 5698 271
5693 5694 204
5701 5713 32
5711 5740 161
5721 5756 129
5751 5760 283
5757 5776 159
5786 5805 210
5800 5824 280
5822 5836 110
5851 5862 290
5865 5871 2
5888 5938 63
5914 5949 235
5941 5961 279
5945 5973 215
5964 5967 269
5985 6001 135
6015 6042 170
6038 6067 153
6055 6097 69
6059 6080 274
6083 6107 188
6101 6114 170
6110 6120 128
6118 6168 11
6122 6130 218
6149 6194 20
6151 6182 173
6159 6181 89
6183 6214 12
6203 6224 26
6215 6256 48
6245 6256 140
6249 6265 70
6275 6285 146
6289 6298 16
6297 6322 55
6326 6332 240
6356 6369 250
6364 6400 108
6392 6398 286
6405 6443 51
6420 6436 185
6431 6460 166
6452 6502 56
6456 6469 54
6470 6515 180
6486 6507 296
6509 6525 202
6516 6541 41
6516 6542 168
6519 6534 7
6519 6549 5
6535 6568 222
6537 6551 52
6546 6549 92
6568 6610 208
6581 6587 117
6594 6640 165
6607 6618 190
6609 6640 272
6633 6661 8
6659 6704 26
6684 6705 288
6711 6759 153
6741 6749 52
6742 6769 108
6755 6762 138
6761 6789 176
6767 6803 83
6796 6836 182
6821 6869 149
6824 6839 114
6838 6872 93
6864 6875 245
6883 6913 6
6901 6910 94
6910 6924 188
6937 6977 243
6962 6975 103
6979 7011 92
6997 7039 300
7000 7005 85
7004 7025 182
7020 7046 112
7048 7062 20
7058 7094 128
7081 7126 246
7106 7147 7
7132 7151 172
7161 7183 297
7167 7202 39
7182 7195 5
7187 7225 275
7192 7210 103
7215 7231 191
7233 7257 136
7263 7289 202
7277 7312 146
7280 7298 270
7306 7350 272
7325 7371 251
7354 7389 257
7373 7421 277
7403 7420 242
7422 7440 28
7435 7463 54
7437 7472 151
7440 7448 215
7443 7492 235
7451 7498 282
7476 7491 9
7476 7493 284
7479 7480 111
7508 7548 279
7519 7535 236
7527 7577 126
7539 7586 215
7561 7579 2
7587 7636 79
7604 7638 219
7618 7646 115
7648 7693 281
7677 7684 191
7694 7717 34
7704 7746 189
7728 7761 187
7742 7772 129
7761 7785 212
7789 7837 20
7807 7820 199
7807 7845 58
7811 7831 220
7832 7867 180
7858 7902 274
7876 7921 170
7885 7896 298
7894 7904 237
7916 7929 282
7934 7943 37
7956 7989 143
7958 7984 174
7981 7983 25
8000 8007 199
8024 8047 87
8025 8026 29
8050 8056 105
8067 8068 49
8069 8074 133
8091 8134 238
8113 8118 99
8123 8142 243
8144 8150 122
8158 8171 274
8167 8197 172
8181 8192 219
8205 8216 31
8220 8226 182
8226 8273 175
8249 8269 273
8261 8286 192
8274 8311 295
8294 8296 269
8304 8348 69
8308 8349 158
8316 8336 237
8340 8378 89
8367 8407 179
8377 8396 239
8391 8434 221
8419 8423 287
8443 8487 292
8458 8487 174
8482 8486 47
8504 8542 279
8522 8538 70
8544 8570 98
8571 8621 61
8586 8631 208
8595 8613 11
8610 8645 208
8627 8645 80
8636 8652 291
8663 8674 194
8674 8695 73
8693 8735 94
8705 8732 252
8727 8729 137
8729 8778 285
8737 8764 201
8756 8771 120
8758 8759 299
8763 8792 214
8785 8787 139
8800 8821 130
8825 8870 181
8828 8861 106
8837 8861 233
8862 8870 193
8877 8888 272
8904 8954 41
8905 8918 55
8923 8928 193
8931 8948 116
8935 8939 283
8939 8966 59
8965 9009 31
8980 9024 1
9008 9039 5
9025 9036 105
9028 9070 117
9036 9079 117
9052 9070 198
9053 9084 129
9080 9092 47
9090 9134 263
9102 9148 122
9126 9167 215
9141 9147 189
9166 9167 271
9188 9233 42
9195 9201 131
9203 9211 41
9219 9223 175
9235 9261 296
9262 9267 124
9281 9289 278
9294 9306 197
9322 9359 84
9341 9375 96
9351 9357 288
9368 9380 93
9375 9410 255
9384 9398 250
9412 9450 36
9434 9441 278
9445 9495 214
9473 9503 230
9489 9492 84
9514 9557 2
9515 9560 12
9527 9575 272
9549 9577 239
9563 9574 108
9569 9611 15
9599 9600 146
9604 9645 233
9632 9675 102
9644 9651 102
9663 9678 48
9665 9701 86
9675 9711 123
9686 9715 113
9708 9726 63
9711 9724 118
9734 9774 167
9749 9782 74
9777 9819 259
9778 9814 220
9803 9830 181
9824 9868 223
9825 9850 173
9845 9871 157
9864 9911 124
9875 9889 243
9905 9922 63
9927 9940 54
9937 9940 134
9960 10003 107
9986 10009 86
9991 10030 238
10000 10007 189
10021 10024 282
10030 10056 28
10042 10067 29
10062 10073 228
10083 10085 124
10091 10116 200
10095 10145 292
10103 10109 87
10123 10145 195
10148 10161 93
10168 10170 155
10184 10186 203
10205 10224 278
10207 10210 14
10231 10253 215
10248 10276 218
10265 10305 90
10270 10293 289
10272 10282 104
10278 10310 221
10308 10326 190
10324 10355 208
10332 10343 26
10354 10376 286
10362 10411 294
10382 10432 261
10396 10420 8
10416 10463 254
10422 10426 5
10452 10465 272
10481 10504 135
10489 10496 91
10509 10553 149
10531 10559 282
10555 10585 205
10569 10596 105
10584 10597 265
10596 10606 150
10626 10636 89
10653 10695 45
10677 10690 160
10691 10696 249
10713 10752 56
10736 10759 74
10744 10782 58
10744 10777 278
10765 10777 113
10794 10818 296
10808 10842 196
10832 10859 28
10851 10874 280
10869 10904 61
10890 10921 31
10894 10936 255
10900 10902 31
10907 10925 179
10922 10939 51
10926 10950 191
10947 10957 159
10973 11015 271
10988 11017 256
10995 11009 87
11016 11037 277
11034 11053 71
11044 11054 84
11046 11084 124
11068 11100 237
11080 11121 153
11087 11114 228
11094 11118 35
11123 11169 99
11133 11147 236
11155 11185 44
11157 11207 71
11165 11200 249
11165 11180 119
11178 11204 124
11199 11207 256
11216 11251 119
11245 11293 2
11272 11283 22
11299 11346 243
11300 11343 251
11326 11330 126
11348 11352 124
11355 11374 89
11381 11429 238
11397 11430 133
11419 11439 17
11432 11472 62
11432 11482 277
11447 11462 37
11462 11510 183
11491 11510 236
11513 11539 107
11536 11563 19
11564 11599 129
11591 11593 219
11595 11630 212
11614 11648 151
11633 11669 87
11646 11675 162
11675 11680 101
11687 11707 210
11706 11710 201
11711 11752 274
11739 11773 292
11756 11758 118
11773 11810 69
11797 11812 22
11811 11847 67
11829 11863 114
11832 11834 19
11861 11871 154
11876 11887 141
11902 11948 34
11927 11928 187
11933 11963 198
11948 11954 13
11952 11989 158
11978 11980 252
11991 12000 237
12021 12060 148
12035 12055 234
12061 12083 72
12069 12114 163
12084 12118 53
12092 12102 114
12118 12124 200
12126 12174 76
12128 12143 212
12157 12165 95
12183 12192 184
12191 12233 14
12215 12246 219
12241 12272 8
12260 12289 4
12269 12286 258
12276 12295 290
12298 12340 63
12304 12313 117
12334 12363 192
12361 12368 154
12386 12406 221
12409 12430 247
12439 12462 149
12467 12470 134
12486 12526 215
12488 12531 66
12513 12525 89
12522 12554 36
12549 12558 295
12561 12603 92
12585 12604 66
12600 12638 19
12604 12625 51
12610 12647 103
12624 12626 24
12643 12691 82
12648 12691 137
12661 12683 236
12670 12709 242
12670 12718 34
12693 12739 54
12710 12756 256
12728 12778 197
12733 12736 219
12750 12767 271
12758 12760 144
12786 12793 284
12809 12846 127
12818 12861 160
12838 12866 77
12860 12909 192
12861 12864 60
12865 12872 113
12879 12894 127
12889 12929 71
12897 12942 239
12922 12951 80
12925 12933 288
12951 12981 295
12951 12968 225
12970 12984 195
12999 13031 117
13029 13079 101
13053 13096 156
13076 13104 261
13088 13135 171
13093 13094 270
13120 13125 145
13138 13163 266
13168 13196 127
13190 13232 256
13197 13200 42
13219 13221 26
13239 13259 100
13248 13277 120
13254 13283 133
13261 13270 21
13265 13297 170
13284 13297 45
13298 13344 70
13318 13329 47
13334 13337 136
13358 13392 87
13369 13407 68
13377 13395 248
13396 13432 73
13410 13446 250
13413 13420 298
13416 13448 196
13444 13478 277
13450 13454 74
13473 13474 183
13487 13491 240
13492 13494 105
13519 13528 135
13546 13576 128
13556 13588 283
13558 13606 25
13582 13591 232
13590 13626 17
13592 13604 179
13619 13648 280
13628 13671 134
13636 13685 109
13651 13667 38
13658 13689 88
13662 13705 143
13685 13696 128
13710 13759 72
13721 13743 21
13750 13798 294
13776 13797 296
13799 13842 10
13800 13835 106
13818 13828 289
13846 13861 148
13871 13891 74
13886 13905 59
13886 13917 176
13913 13924 261
13921 13957 289
13944 13986 182
13967 14003 195
13997 14046 223
14012 14031 50
14023 14067 251
14033 14067 285
14041 14073 201
14056 14077 279
14067 14072 293
14089 14093 161
14095 14136 241
14114 14154 30
14122 14141 241
14133 14175 23
14151 14156 103
14161 14182 293
14185 14233 290
14189 14227 162
14209 14232 126
14219 14232 134
14224 14230 74
14232 14281 271
14253 14274 111
14277 14322 295
14291 14300 8
14305 14341 293
14329 14375 19
14333 14350 33
14349 14364 118
14369 14381 13
14379 14418 235
14382 14431 143
14398 14425 140
14417 14418 258
14430 14437 224
14439 14472 24
14440 14490 20
14441 14474 64
14456 14467 256
14483 14499 69
14487 14495 52
14511 14540 100
14516 14529 46
14529 14571 81
14546 14593 31
14565 14571 34
14590 14601 299
14609 14626 177
14629 14645 263
14659 14694 258
14662 14695 88
14681 14723 75
14693 14737 40
14719 14757 264
14730 14780 236
14730 14774 296
14739 14743 4
14745 14793 110
14769 14776 111
14777 14793 43
14780 14798 75
14806 14832 7
14808 14848 126
14825 14840 176
14831 14838 213
14853 14875 184
14879 14899 286
14903 14951 35
14923 14958 292
14940 14950 264
14956 14977 153
14975 15012 294
14987 15032 74
15010 15030 168
15014 15050 11
15036 15066 52
15036 15084 202
15051 15098 125
15081 15089 92
15095 15139 187
15117 15149 149
15128 15148 200
15151 15174 8
15172 15213 199
15187 15205 260
15201 15221 175
15210 15244 139
15233 15269 53
15240 15260 55
15251 15287 25
15268 15280 245
15290 15336 127
15320 15356 178
15342 15358 81
15345 15368 17
15356 15367 21
15375 15405 99
15396 15405 217
15396 15437 113
15424 15433 264
15437 15483 22
15457 15504 139
15457 15485 27
15461 15471 137
15466 15468 285
15485 15490 132
15486 15488 15
15489 15517 294
15510 15545 173
15524 15531 296
15526 15557 239
15526 15531 160
15551 15594 172
15581 15617 276
15601 15605 40
15620 15658 240
15641 15669 225
15665 15688 287
15679 15703 31
15705 15707 291
15712 15728 10
15715 15740 40
15735 15761 235
15743 15761 66
15762 15799 60
15792 15798 154
15798 15815 87
15804 15829 163
15833 15879 238
15844 15854 138
15856 15881 154
15885 15927 141
15890 15897 17
15918 15965 178
15927 15971 180
15955 16000 232
15962 15997 41
15974 16024 280
15992 16012 108
16015 16053 46
16029 16072 78
16038 16073 208
16054 16086 80
16065 16102 3
16086 16112 154
16111 16127 67
16134 16135 137
16137 16160 13
16164 16188 278
16169 16189 46
16187 16203 210
16194 16202 39
16216 16260 102
16241 16262 58
16258 16291 52
16287 16328 116
16298 16318 82
16300 16332 299
16329 16361 181
16349 16369 264
16369 16415 59
16395 16419 239
16417 16461 95
16438 16452 294
16451 16493 4
16460 16482 33
16473 16494 5
16489 16531 159
16501 16538 56
16502 16513 255
16515 16526 177
16545 16584 228
16573 16586 142
16574 16597 259
16597 16646 140
16611 16622 145
16623 16630 126
16623 16649 286
16650 16654 191
16675 16679 209
16701 16749 15
16730 16776 217
16736 16768 115
16760 16796 69
16788 16811 24
16810 16826 72
16822 16826 160
16849 16850 140
16874 16881 118
16901 16915 182
16912 16944 180
16939 16981 213
16949 16961 70
16964 16977 100
16992 17022 262
17010 17019 216
17020 17035 108
17045 17063 261
17068 17070 48
17086 17091 36
17088 17131 282
17112 17132 286
17138 17159 71
17140 17166 174
17149 17193 4
17173 17191 160
17200 17247 168
17207 17245 234
17223 17251 7
17237 17241 57
17237 17267 134
17258 17292 154
17268 17318 95
17293 17337 204
17321 17360 6
17324 17326 171
17337 17373 249
17350 17367 5
17379 17395 299
17409 17419 146
17414 17454 150
17444 17491 155
17465 17511 231
17487 17522 173
17500 17549 120
17507 17549 252
17509 17516 80
17518 17561 273
17542 17574 284
17551 17553 88
17554 17598 174
17561 17570 82
17583 17615 161
17592 17615 221
17607 17623 204
17621 17637 219
17627 17660 212
17642 17647 180
17659 17691 265
17671 17706 60
17674 17697 5
17682 17711 235
17686 17704 65
17705 17724 117
17731 17760 90
17750 17760 164
17761 17808 166
17791 17832 286
17810 17859 160
17838 17854 193
17844 17887 191
17871 17917 97
17878 17917 8
17890 17916 182
17902 17947 54
17908 17947 20
17926 17961 133
17933 17943 57
17939 17945 92
17947 17983 79
17949 17983 65
17963 18013 164
17967 18006 99
17992 18011 65
18022 18053 72
18030 18042 16
18044 18049 106
18052 18077 215
18078 18083 80
18083 18128 247
18090 18115 21
18105 18113 293
18110 18120 299
18140 18169 48
18165 18184 142
18193 18206 220
18194 18209 240
18221 18263 197
18228 18272 66
18247 18257 173
18251 18294 60
18258 18296 135
18288 18330 269
18292 18329 3
18308 18335 297
18335 18381 218
18352 18388 258
18375 18421 297
18402 18438 225
18409 18414 96
18438 18458 36
18439 18488 252
18465 18489 274
18489 18501 296
18507 18515 272
18537 18576 37
18566 18612 74
18591 18610 200
18598 18619 290
18598 18639 154
18621 18641 190
18650 18679 57
18650 18693 286
18658 18704 16
18659 18670 92
18677 18710 275
18677 18711 295
18704 18713 233
18726 18758 58
18733 18778 47
18750 18760 253
18770 18808 175
18781 18831 180
18792 18808 273
18810 18835 205
18834 18843 151
18836 18872 66
18866 18867 284
18870 18920 268
18899 18932 271
18922 18948 214
18932 18936 68
18944 18963 72
18968 18984 46
18973 19022 222
18985 18988 90
19007 19030 245
19018 19054 70
19020 19031 96
19046 19058 288
19048 19082 77
19068 19097 246
19096 19139 80
19096 19121 187
19116 19121 174
19135 19146 95
19158 19198 2
19164 19213 220
19193 19225 268
19195 19207 247
19217 19248 93
19229 19275 186
19247 19284 109
19264 19276 151
19279 19311 74
19285 19303 6
19305 19332 264
19325 19326 32
19337 19360 224
19358 19360 91
19359 19365 148
19376 19417 89
19380 19386 243
19384 19407 13
19411 19427 257
19422 19434 293
19443 19470 119
19463 19490 205
19485 19515 172
19510 19556 137
19526 19552 78
19538 19559 217
19563 19613 72
19585 19634 36
19596 19621 219
19618 19625 102
19623 19659 285
19645 19688 107
19666 19667 266
19668 19704 258
19681 19700 243
19707 19725 296
19713 19762 51
19722 19734 22
19739 19751 231
19751 19759 149
19755 19769 65
19779 19817 31
19799 19814 297
19799 19812 204
19813 19835 80
19817 19865 65
19833 19863 187
19834 19843 122
19853 19897 113
19862 19905 94
19866 19910 26
19871 19897 47
19881 19927 131
19902 19904 285
19905 19908 157
19922 19956 2
19933 19950 265
19938 19947 35
19962 20012 219
19984 19986 27
19995 20026 25
20020 20030 162
20033 20059 272
20051 20089 140
20054 20081 26
20065 20068 250
20070 20120 44
20097 20137 271
20119 20129 30
20149 20196 44
20178 20228 88
20184 20234 252
20187 20204 37
20216 20243 284
20235 20240 97
20238 20263 162
20263 20278 108
20272 20274 293
20286 20309 70
20310 20358 288
20330 20380 153
20356 20391 249
20373 20392 9
20397 20439 178
20420 20457 249
20423 20438 253
20438 20443 124
20461 20486 249
20465 20492 121
20476 20484 59
20490 20524 274
20505 20527 39
20507 20528 15
20514 20539 108
20524 20557 64
20537 20577 32
20550 20588 192
20559 20574 162
20563 20610 77
20573 20600 108
20576 20611 49
20579 20608 179
20587 20623 174
20594 20617 300
20603 20628 168
20612 20654 126
20620 20638 242
20623 20663 266
20643 20684 158
20664 20703 91
20677 20701 78
20688 20689 56
20714 20759 203
20731 20735 161
20746 20771 164
20769 20800 285
20791 20823 75
20812 20814 106
20817 20834 78
20821 20829 67
20822 20835 223
20841 20858 144
20870 20891 103
20873 20875 255
20902 20936 179
20903 20925 287
20930 20969 203
20954 20990 199
20980 21012 228
21008 21014 1
21031 21075 239
21032 21041 32
21052 21095 134
21059 21076 205
21071 21093 144
21072 21111 222
21072 21087 187
21076 21078 245
21106 21110 186
21114 21158 276
21140 21158 125
21143 21147 209
21156 21173 273
21186 21187 84
21188 21220 42
21215 21229 157
21233 21278 223
21260 21267 21
21286 21289 187
21304 21336 138
21306 21341 145
21314 21364 184
21340 21342 229
21345 21351 37
21352 21388 255
21372 21401 180
21399 21443 169
21424 21425 42
21428 21460 17
21437 21440 175
21446 21457 223
21459 21466 184
21463 21465 230
21469 21496 120
21475 21515 79
21500 21526 160
21517 21524 37
21538 21578 121
21544 21568 35
21557 21594 260
21585 21607 42
21599 21616 199
21612 21619 62
21626 21634 121
21650 21698 116
21672 21686 201
21700 21716 184
21707 21723 10
21712 21756 294
21726 21735 299
21731 21756 226
21733 21739 13
21742 21771 243
21749 21770 43
21759 21781 150
21771 21807 123
21800 21821 252
21803 21839 253
21818 21833 287
21839 21849 15
21842 21880 275
21843 21866 203
21871 21894 281
21876 21887 210
21888 21933 38
21916 21926 221
21917 21925 107
21932 21941 205
21953 21984 51
21975 21990 218
21993 22006 273
22015 22022 136
22042 22050 153
22053 22080 29
22083 22089 117
22092 22102 286
22096 22117 57
22101 22136 63
22122 22160 270
22127 22150 240
22141 22157 168
22166 22172 131
22176 22202 82
22187 22191 297
22216 22261 230
22223 22232 194
22235 22246 13
22245 22251 114
22273 22286 267
22273 22295 72
22279 22283 212
22289 22331 30
22301 22349 159
22305 22351 55
22314 22340 109
22325 22344 283
22328 22353 282
22357 22404 59
22368 22393 190
22388 22421 289
22417 22448 253
22426 22446 287
22435 22459 180
22464 22496 161
22491 22524 220
22513 22538 133
22517 22527 220
22522 22534 180
22532 22546 14
22533 22581 185
22535 22561 15
22542 22575 294
22553 22603 198
22555 22582 75
22577 22603 154
22606 22653 31
22609 22635 83
22638 22666 296
22651 22697 160
22663 22707 207
22692 22711 74
22719 22758 208
22737 22746 212
22757 22798 88
22787 22824 13
22798 22827 120
22816 22824 108
22843 22861 215
22870 22912 141
22870 22873 180
22896 22933 28
22908 22923 34
22910 22924 186
22927 22974 294
22938 22962 3
22956 22967 104
22970 23005 116
22973 22983 6
23001 23040 164
23002 23012 273
23021 23041 169
23039 23078 267
23057 23064 223
23061 23107 53
23076 23126 269
23096 23122 190
23121 23157 263
23126 23135 8
23128 23147 163
23149 23181 110
23152 23157 162
23178 23225 216
23189 23214 76
23203 23242 102
23226 23268 266
23239 23248 204
23246 23279 236
23271 23287 156
23281 23307 84
23297 23345 105
23323 23343 248
23341 23359 271
23363 23406 291
23374 23403 143
23401 23425 84
23402 23427 252
23403 23410 48
23409 23438 155
23437 23478 187
23453 23490 124
23468 23502 9
23471 23477 153
23481 23483 87
23509 23538 145
23537 23560 26
23561 23582 296
23569 23605 58
23590 23628 297
23601 23619 57
23621 23651 81
23638 23666 203
23648 23698 48
23656 23664 77
23672 23713 180
23702 23735 157
23708 23749 89
23711 23713 174
23712 23734 291
23722 23730 110
23728 23758 157
23743 23754 145
23768 23789 259
23774 23794 53
23787 23790 6
23790 23798 69
23791 23824 158
23818 23833 182
23820 23856 180
23824 23828 174
23830 23866 203
23859 23898 56
23884 23929 196
23903 23924 268
23917 23919 197
23925 23954 108
23925 23945 188
23926 23948 264
23936 23946 297
23949 23970 45
23950 23958 28
23965 23984 45
23975 24006 255
23985 23998 150
23989 24019 81
23990 23992 293
23998 24024 233
24006 24044 167
24029 24031 29
24058 24083 143
24059 24065 113
24083 24107 100
24111 24117 285
24113 24127 222
24114 24133 211
24125 24131 7
24125 24154 292
24127 24135 227
24136 24150 300
24151 24166 74
24155 24170 93
24166 24192 39
24195 24228 203
24225 24252 284
24253 24298 203
24255 24301 156
24275 24278 246
24291 24332 285
24317 24334 58
24319 24350 272
24335 24375 61
24347 24377 76
24367 24391 20
24384 24390 291
24398 24426 170
24398 24443 267
24415 24436 273
24441 24475 267
24465 24477 175
24474 24482 43
24490 24493 157
24510 24541 127
24518 24559 12
24529 24566 141
24539 24585 209
24557 24601 178
24567 24588 118
24588 24631 223
24606 24623 36
24632 24637 190
24650 24694 37
24679 24701 154
24688 24703 178
24705 24733 299
24709 24724 64
24725 24768 90
24738 24778 26
24741 24750 268
24765 24806 162
24794 24840 56
24811 24838 223
24822 24831 4
24826 24845 46
24827 24838 54
24844 24886 154
24856 24861 263
24868 24915 132
24881 24926 202
24885 24889 210
24890 24929 21
24896 24918 53
24904 24946 284
24913 24938 11
24923 24972 166
24926 24944 271
24935 24964 166
24952 24980 170
24965 25014 72
24967 25003 5
24967 24971 123
24978 25018 54
24988 25027 140
25005 25030 132
25011 25029 36
25031 25069 172
25061 25066 164
25066 25112 220
25094 25142 35
25101 25148 57
25130 25139 291
25152 25171 276
25168 25190 80
25187 25190 182
25193 25198 208
25221 25263 211
25243 25281 101
25248 25291 244
25262 25267 180
25285 25308 211
25289 25333 261
25291 25336 12
25308 25322 19
25309 25327 185
25321 25325 173
25345 25388 14
25355 25364 86
25356 25402 159
25357 25391 248
25368 25380 149
25376 25422 77
25397 25426 49
25419 25435 73
25428 25477 234
25432 25450 168
25453 25491 255
25472 25490 12
25479 25498 69
25483 25506 158
25513 25529 98
25543 25578 125
25548 25579 254
25560 25609 51
25586 25596 283
25586 25626 175
25612 25648 212
25617 25659 105
25638 25666 210
25642 25670 208
25655 25677 21
25659 25660 34
25677 25715 104
25701 25736 204
25729 25745 111
25732 25743 238
25743 25757 87
25766 25815 257
25787 25792 159
25793 25840 82
25801 25850 89
25827 25832 201
25851 25885 30
25872 25875 146
25889 25902 264
25914 25941 162
25931 25956 124
25934 25970 114
25935 25977 275
25944 25958 269
25965 25980 242
25967 25989 262
25988 25999 139
26000 26007 19
26021 26069 100
26045 26091 34
26068 26111 181
26072 26112 163
26096 26146 17
26096 26140 90
26124 26145 4
26135 26183 13
26142 26179 161
26156 26191 258
26173 26174 144
26195 26231 191
26211 26220 285
26221 26252 129
26229 26279 67
26234 26273 23
26260 26282 269
26279 26325 231
26286 26299 290
26314 26327 184
26320 26321 183
26329 26330 231
26351 26354 5
26354 26371 115
26375 26395 36
26392 26426 223
26422 26455 190
26431 26447 238
26442 26462 190
26461 26499 107
26489 26510 132
26519 26542 291
26531 26549 247
26541 26591 168
26554 26591 32
26576 26604 187
26598 26602 67
26611 26612 188
26616 26661 238
26636 26671 39
26641 26688 283
26660 26694 241
26660 26672 202
26671 26688 41
26688 26728 214
26691 26741 35
26707 26711 288
26710 26713 119
26721 26756 191
26750 26793 279
26766 26796 206
26775 26823 189
26793 26827 206
26822 26837 148
26825 26863 259
26845 26878 165
26865 26913 234
26893 26899 61
26919 26927 263
26922 26967 215
26925 26944 26
26940 26950 37
26968 26992 192
26991 27026 158
27021 27049 220
27030 27033 237
27060 27103 156
27061 27086 116
27071 27086 143
27089 27120 187
27103 27114 237
27111 27144 45
27129 27164 24
27151 27186 45
27156 27170 84
27176 27197 109
27184 27227 252
27205 27221 33
27229 27243 69
27252 27288 168
27269 27310 227
27277 27323 121
27291 27298 28
27316 27344 277
27334 27380 257
27356 27393 252
27374 27382 147
27399 27411 22
27404 27408 223
27434 27475 68
27450 27487 219
27475 27514 255
27488 27504 156
27513 27554 61
27522 27539 173
27527 27531 260
27538 27547 263
27546 27564 206
27564 27581 172
27593 27622 220
27611 27613 146
27625 27666 291
27647 27653 77
27658 27706 146
27688 27691 178
27713 27714 64
27719 27726 217
27720 27753 61
27739 27751 66
27767 27791 299
27777 27810 268
27801 27820 176
27830 27839 145
27856 27885 185
27860 27869 15
27879 27927 287
27881 27929 152
27904 27939 94
27931 27942 226
27931 27981 231
27941 27986 60
27968 28008 33
27988 28023 72
28007 28038 293
28037 28065 109
28038 28069 245
28066 28115 203
28066 28086 215
28087 28109 176
28094 28095 69
28109 28131 289
28131 28160 253
28159 28187 74
28163 28184 159
28186 28198 5
28209 28244 11
28213 28223 166
28224 28269 11
28234 28249 11
28252 28289 92
28272 28288 44
28284 28296 84
28313 28358 2
28314 28361 204
28331 28338 23
28343 28380 20
28352 28381 47
28376 28424 232
28403 28407 239
28405 28433 258
28405 28416 169
28410 28422 30
28426 28445 98
28452 28491 191
28481 28502 282
28484 28531 293
28484 28498 84
28510 28538 255
28530 28531 166
28549 28555 265
28552 28577 290
28575 28594 235
28578 28595 165
28583 28606 95
28612 28660 99
28612 28633 207
28641 28650 272
28667 28695 297
28678 28700 160
28680 28696 135
28700 28736 68
28718 28758 177
28743 28748 99
28766 28783 75
28771 28773 97
28801 28826 140
28822 28836 291
28843 28851 254
28843 28889 32
28852 28872 275
28867 28911 241
28897 28912 62
28899 28903 20
28913 28955 70
28918 28939 30
28936 28941 119
28951 28970 268
28973 29018 299
28973 28995 197
28978 28981 208
28990 29034 208
28993 29018 62
29005 29017 63
29012 29039 257
29040 29070 173
29055 29059 298
29070 29091 197
29086 29120 53
29090 29098 247
29111 29158 66
29133 29158 104
29149 29161 138
29172 29178 260
29192 29211 116
29196 29220 240
29216 29254 277
29236 29271 51
29251 29255 21
29272 29296 153
29296 29308 247
29312 29360 175
29335 29384 32
29336 29351 249
29358 29381 133
29378 29380 266
29404 29451 287
29415 29451 59
29422 29440 76
29439 29485 270
29463 29492 210
29474 29484 190
29475 29522 74
29481 29511 226
29508 29528 157
29514 29544 151
29543 29553 212
29553 29577 138
29575 29619 108
29604 29627 91
29605 29629 284
29629 29655 171
29658 29683 85
29677 29683 247
29706 29743 22
29716 29739 77
29738 29779 46
29752 29790 234
29766 29777 119
29786 29835 40
29807 29855 135
29823 29834 142
29849 29867 50
29870 29882 279
29886 29904 249
29897 29925 215
29927 29973 27
29954 30003 253
29959 30007 155
29976 30015 115
30006 30044 60
30029 30034 137
30033 30053 24
30058 30099 88
30069 30072 299
30098 30121 135
30101 30146 143
30103 30122 164
30104 30109 109
30124 30167 131
30139 30162 157
30140 30165 226
30163 30182 294
30193 30212 100
30207 30218 11
30232 30280 187
30257 30293 172
30266 30295 189
30276 30295 263
30304 30315 154
30322 30353 209
30331 30352 298
30336 30343 25
30363 30393 22
30367 30393 9
30374 30376 2
30375 30411 161
30398 30446 180
30423 30471 17
30450 30463 167
30460 30475 275
30490 30504 37
30510 30539 47
30529 30535 257
30545 30575 286
30550 30584 288
30580 30628 100
30583 30585 134
30608 30626 111
30627 30640 184
30648 30675 177
30678 30701 220
30683 30695 236
30687 30733 218
30693 30712 125
30721 30730 178
30743 30760 272
30751 30794 156
30776 30780 298
30785 30831 190
30800 30838 124
30823 30857 170
30846 30850 246
30854 30867 101
30881 30904 217
30882 30931 259
30883 30918 113
30884 30902 194
30884 30933 136
30887 30912 251
30912 30943 154
30930 30942 278
30943 30961 265
30965 30967 244
30979 31018 48
30986 30992 150
31016 31041 58
31019 31064 278
31046 31062 222
31069 31100 84
31069 31078 46
31088 31131 42
31109 31141 19
31136 31156 224
31159 31200 1
31185 31215 232
31211 31221 173
31236 31256 255
31243 31272 24
31254 31281 25
31261 31284 130
31272 31311 184
31284 31334 17
31302 31350 134
31331 31359 153
31345 31387 235
31358 31373 18
31377 31379 259
31399 31411 101
31425 31469 208
31451 31501 67
31467 31513 127
31473 31504 208
31492 31494 122
31511 31545 187
31524 31556 37
31532 31548 231
31560 31595 106
31570 31579 109
31598 31626 180
31605 31633 214
31616 31622 83
31618 31642 73
31627 31642 26
31651 31683 61
31656 31660 29
31685 31701 243
31710 31721 142
31710 31722 27
31720 31730 238
31743 31764 119
31762 31785 43
31783 31787 175
31804 31820 8
31814 31849 258
31842 31888 78
31850 31860 62
31851 31894 39
31874 31918 185
31887 31917 272
31912 31939 35
31918 31925 42
31930 31931 210
31938 31957 95
31945 31986 117
31960 32005 104
31976 32014 290
31991 32030 213
31995 32029 171
32016 32044 55
32035 32072 53
32049 32066 101
32068 32108 138
32095 32109 297
32104 32131 6
32106 32115 261
32133 32183 187
32149 32181 247
32157 32200 189
32176 32218 222
32196 32246 21
32213 32217 213
32239 32285 200
32246 32285 225
32249 32298 259
32254 32269 268
32256 32284 18
32268 32289 264
32276 32308 108
32299 32318 60
32325 32361 66
32352 32362 101
32373 32377 233
32400 32441 73
32428 32431 199
32455 32468 218
32473 32504 131
32497 32519 280
32513 32563 91
32533 32558 89
32541 32584 191
32551 32586 275
32580 32619 94
32586 32613 30
32601 32617 200
32610 32648 51
32613 32619 67
32618 32652 152
32639 32645 214
32640 32662 211
32657 32663 199
32673 32702 131
32696 32719 78
32723 32725 168
32727 32733 288
32732 32744 221
32753 32774 135
32782 32806 60
32782 32797 189
32798 32808 138
32805 32853 294
32814 32823 20
32836 32855 87
32861 32889 258
32869 32892 243
32890 32918 164
32915 32951 75
32943 32959 184
32967 33014 54
32992 33025 214
32997 33004 228
33001 33049 11
33015 33054 14
33036 33061 33
33041 33045 188
33061 33094 277
33087 33123 203
33103 33142 267
33116 33146 186
33135 33145 243
33143 33180 31
33158 33174 76
33158 33170 56
33167 33197 40
33171 33175 50
33200 33249 22
33206 33220 66
33218 33254 271
33222 33232 68
33233 33247 282
33257 33285 134
33259 33285 15
33266 33289 181
33275 33307 273
33277 33295 240
33288 33291 180
33295 33337 220
33312 33342 9
33318 33360 271
33341 33359 284
33364 33396 102
33380 33398 300
33410 33446 107
33414 33457 288
33437 33441 204
33442 33458 92
33465 33471 203
33467 33492 171
33480 33496 118
33499 33514 30
33512 33560 77
33540 33574 37
33554 33574 179
33575 33586 143
33593 33629 50
33600 33605 251
33610 33656 5
33623 33647 263
33651 33682 272
33656 33697 38
33686 33687 95
33687 33709 239
33694 33713 220
33717 33726 153
33717 33763 215
33728 33767 38
33742 33790 296
33750 33772 235
33756 33782 12
33765 33792 122
33769 33812 131
33783 33827 234
33794 33802 243
33809 33832 196
33835 33865 7
33863 33884 263
33876 33899 89
33879 33918 284
33902 33934 169
33908 33909 82
33928 33951 265
33958 34008 69
33964 33980 196
33968 33977 81
33983 34018 236
33985 33987 112
34007 34050 289
34025 34064 266
34037 34079 79
34059 34062 299
34072 34081 129
34094 34117 276
34095 34100 8
34124 34164 44
34128 34168 233
34128 34141 129
34141 34147 288
34147 34161 230
34149 34153 142
34165 34211 93
34173 34207 196
34190 34226 220
34200 34216 103
34220 34232 208
34230 34279 49
34260 34274 96
34276 34298 28
34291 34316 82
34319 34324 142
34325 34332 182
34335 34353 114
34352 34365 231
34375 34380 145
34397 34421 258
34407 34429 202
34419 34426 296
34428 34455 228
34441 34464 104
34470 34490 256
34496 34522 254
34501 34534 234
34525 34544 256
34550 34599 107
34563 34577 25
34578 34610 108
34592 34627 281
34595 34622 65
34617 34625 103
34636 34678 133
34646 34694 147
34676 34714 139
34688 34720 62
34694 34705 82
34724 34742 179
34735 34776 165
34745 34755 164
34775 34801 2
34803 34822 101
34818 34850 35
34848 34858 92
34848 34863 115
34868 34877 12
34872 34889 146
34879 34915 97
34900 34950 117
34903 34952 260
34909 34911 69
34922 34939 88
34932 34967 53
34937 34961 42
34940 34951 76
34944 34994 32
34955 34971 180
34970 34992 138
34988 35031 179
34999 35001 181
35001 35039 56
35005 35035 98
35007 35011 123
35027 35055 263
35036 35040 92
35060 35064 234
35063 35104 266
35091 35106 110
35093 35125 65
35115 35118 64
35120 35162 157
35131 35168 67
35157 35188 151
35161 35182 220
35170 35171 271
35174 35178 247
35203 35246 211
35213 35253 60
35216 35228 143
35220 35235 224
35235 35250 176
35240 35268 235
35260 35293 133
35265 35291 8
35265 35287 187
35286 35322 161
35289 35305 127
35313 35328 119
35318 35341 133
35338 35356 295
35346 35365 46
35355 35374 58
35381 35385 277
35403 35447 254
35423 35440 124
35452 35464 153
35466 35502 222
35493 35541 160
35503 35520 223
35533 35581 203
35542 35584 58
35542 35558 126
35547 35580 42
35575 35622 300
35602 35650 195
35613 35615 226
35621 35635 281
35632 35650 52
35641 35660 76
35646 35670 183
35665 35705 163
35683 35690 171
35697 35747 57
35714 35746 254
35733 35747 13
35752 35789 22
35755 35795 268
35776 35804 267
35782 35801 48
35809 35818 182
35824 35853 196
35849 35880 171
35849 35868 40
35851 35882 1
35865 35870 4
35874 35918 262
35901 35935 168
35903 35935 240
35922 35936 273
35927 35944 211
35950 35971 81
35964 36009 75
35984 36009 262
35995 35998 188
36000 36026 225
36007 36026 129
36013 36048 277
36028 36046 153
36028 36053 149
36049 36088 188
36077 36096 122
36105 36107 181
36130 36162 16
36133 36175 92
36134 36137 238
36140 36183 24
36143 36179 150
36165 36173 276
36187 36193 155
36194 36243 143
36219 36255 219
36238 36244 46
36245 36286 96
36245 36254 42
36246 36270 25
36268 36312 64
36268 36314 292
36275 36286 273
36289 36315 21
36319 36331 22
36333 36348 58
36346 36380 205
36373 36388 154
36398 36442 166
36414 36417 291
36441 36487 57
36458 36499 152
36485 36524 88
36493 36502 173
36519 36541 60
36547 36591 98
36576 36579 128
36597 36602 239
36611 36660 126
36638 36653 282
36641 36671 74
36670 36685 144
36699 36723 280
36705 36755 21
36717 36729 62
36745 36788 247
36766 36793 262
36781 36818 94
36811 36851 139
36817 36851 18
36819 36836 249
36834 36850 264
36843 36876 272
36861 36907 117
36883 36902 187
36899 36931 136
36912 36943 55
36932 36954 165
36945 36964 92
36947 36970 71
36960 36980 217
36980 37005 109
36997 37015 259
37018 37022 44
37043 37069 9
37059 37063 266
37069 37113 155
37096 37101 184
37104 37140 117
37107 37113 147
37136 37150 166
37154 37184 91
37184 37208 238
37205 37254 159
37224 37261 281
37243 37273 230
37247 37281 222
37276 37323 138
37293 37325 172
37317 37322 247
37335 37338 295
37339 37364 268
37369 37416 208
37371 37378 142
37390 37432 235
37401 37451 170
37426 37442 139
37428 37452 100
37443 37466 267
37444 37486 105
37450 37452 283
37471 37505 112
37472 37520 151
37496 37545 100
37497 37501 60
37513 37560 101
37536 37554 288
37557 37594 117
37563 37601 48
37587 37599 292
37591 37599 151
37612 37659 69
37619 37654 129
37639 37676 24
37669 37698 9
37694 37730 70
37709 37722 67
37733 37772 174
37758 37764 289
37777 37821 145
37790 37835 167
37805 37844 76
37816 37818 104
37820 37839 282
37820 37828 154
37826 37863 30
37855 37895 168
37858 37877 77
37868 37874 46
37878 37899 240
37905 37951 241
37907 37937 133
37935 37959 32
37960 37993 187
37967 37974 136
37972 38011 15
37973 38020 273
37978 37983 51
37979 38021 118
38009 38027 194
38015 38062 159
38038 38088 246
38063 38077 247
38085 38135 179
38113 38123 257
38143 38163 126
38159 38195 201
38189 38235 279
38197 38217 237
38201 38226 90
38220 38238 131
38237 38253 216
38254 38264 38
38256 38264 133
38272 38306 43
38278 38288 53
38295 38305 203
38295 38316 78
38295 38305 138
38318 38351 142
38327 38361 165
38356 38371 120
38384 38391 97
38394 38427 270
38419 38424 14
38447 38494 295
38474 38511 25
38494 38539 85
38521 38535 204
38528 38573 218
38536 38570 201
38543 38573 66
38553 38583 14
38554 38562 170
38561 38592 167
38562 38584 144
38590 38636 73
38593 38606 115
38608 38657 289
38631 38644 86
38636 38663 242
38665 38686 222
38688 38693 293
38717 38754 206
38743 38765 192
38772 38775 221
38782 38812 258
38797 38812 68
38817 38860 195
38821 38835 254
38826 38839 205
38835 38846 34
38858 38879 73
38858 38904 176
38878 38909 237
38902 38922 59
38908 38927 133
38929 38970 211
38938 38947 260
38955 38958 1
38971 38990 269
38990 39005 25
38992 38994 76
39000 39041 181
39000 39032 103
39013 39053 25
39013 39035 172
39041 39080 141
39051 39059 175
39056 39079 121
39083 39123 300
39103 39116 126
39111 39158 266
39113 39131 81
39121 39161 273
39126 39140 14
39129 39147 65
39145 39184 72
39155 39200 298
39166 39200 279
39167 39171 105
39171 39200 61
39183 39206 131
39212 39229 188
39237 39253 205
39258 39307 138
39275 39302 87
39292 39310 274
39320 39342 300
39320 39368 9
39326 39334 275
39345 39377 263
39348 39391 69
39376 39401 129
39380 39411 161
39404 39407 198
39419 39427 24
39439 39458 141
39451 39486 8
39453 39468 216
39453 39462 220
39483 39496 136
39507 39521 96
39526 39572 90
39538 39585 159
39549 39575 94
39552 39565 232
39555 39601 252
39562 39603 194
39574 39608 15
39591 39593 167
39594 39599 223
39621 39625 256
39630 39677 109
39648 39653 93
39654 39695 131
39672 39689 83
39683 39714 29
39712 39756 201
39717 39732 106
39744 39778 62
39754 39786 1
39771 39789 63
39794 39825 292
39822 39862 1
39829 39841 269
39833 39852 138
39863 39910 242
39868 39903 223
39874 39891 237
39882 39883 39
39890 39912 191
39894 39927 11
39902 39927 230
39930 39947 113
39930 39973 98
39957 40006 291
39972 39992 256
39990 40031 192
40010 40042 58
40028 40053 228
40057 40101 225
40080 40085 225
40094 40143 204
40096 40097 243
40109 40120 243
40109 40124 65
40125 40165 92
40139 40182 7
40148 40166 169
40171 40173 95
40189 40233 210
40199 40220 168
40220 40249 257
40225 40235 8
40226 40262 211
40256 40282 236
40284 40329 11
40314 40344 26
40318 40356 129
40344 40381 207
40366 40405 280
40385 40414 222
40407 40433 17
40414 40458 119
40422 40449 25
40451 40453 126
40458 40469 245
40461 40505 159
40480 40484 281
40508 40535 105
40528 40554 34
40548 40553 115
40555 40556 128
40581 40591 106
40601 40646 26
40609 40630 252
40626 40634 257
40643 40670 248
40656 40666 219
40663 40665 94
40664 40670 256
40681 40719 52
40683 40715 114
40710 40740 176
40716 40725 248
40736 40779 107
40760 40782 214
40767 40789 172
40781 40827 292
40809 40818 207
40815 40849 243
40832 40871 237
40841 40887 102
40855 40866 61
40860 40901 178
40878 40925 163
40887 40916 260
40888 40903 5
40888 40902 274
40901 40942 279
40922 40929 102
40934 40942 145
40947 40968 201
40966 40968 264
40970 40987 35
40992 41026 170
41022 41062 190
41031 41036 156
41047 41062 282
41073 41123 119
41101 41149 168
41111 41122 205
41121 41145 195
41138 41139 8
41163 41193 245
41176 41184 67
41192 41224 60
41214 41253 115
41224 41230 116
41244 41262 222
41246 41272 167
41256 41284 7
41286 41301 296
41305 41319 81
41334 41360 235
41344 41388 230
41352 41379 34
41371 41410 225
41401 41445 268
41414 41433 91
41442 41461 240
41461 41474 233
41465 41493 59
41492 41495 212
41500 41543 185
41510 41514 31
41516 41539 28
41520 41523 164
41520 41536 296
41548 41574 285
41564 41613 216
41578 41619 2
41583 41619 182
41589 41624 61
41591 41641 242
41607 41657 61
41626 41675 6
41632 41650 185
41650 41668 90
41663 41665 55
41676 41725 255
41676 41691 51
41699 41705 27
41723 41727 18
41727 41760 141
41738 41740 273
41759 41760 248
41786 41825 123
41808 41833 14
41836 41880 269
41842 41888 271
41847 41884 220
41848 41865 76
41862 41890 17
41870 41882 149
41880 41912 131
41905 41949 66
41906 41925 218
41911 41954 34
41930 41951 233
41935 41943 108
41960 41985 202
41987 42025 209
42015 42058 166
42023 42063 246
42047 42083 218
42072 42097 37
42075 42113 119
42092 42097 86
42107 42148 114
42131 42149 70
42140 42144 41
42168 42177 178
42183 42200 218
42205 42241 116
42211 42231 110
42232 42253 100
42260 42281 76
42280 42281 259
42293 42307 138
42305 42317 130
42330 42342 122
42344 42386 79
42366 42403 10
42391 42434 134
42406 42440 151
42418 42454 125
42442 42489 282
42470 42481 166
42500 42506 110
42511 42529 164
42530 42551 271
42544 42563 18
42556 42566 222
42566 42569 82
42582 42622 22
42591 42592 28
42597 42635 196
42610 42639 230
42625 42664 112
42650 42687 194
42679 42701 222
42705 42719 250
42723 42733 134
42723 42741 145
42742 42769 36
42744 42755 85
42772 42786 6
42788 42829 47
42801 42838 64
42816 42817 41
42826 42868 228
42856 42874 199
42864 42871 27
42879 42894 274
42900 42909 116
42909 42959 159
42934 42954 135
42939 42968 15
42947 42950 285
42953 42963 93
42954 42961 71
42964 43012 290
42981 42986 92
42983 42995 230
43005 43019 59
43029 43047 241
43029 43030 71
43046 43064 160
43071 43084 142
43080 43103 85
43099 43119 90
43113 43147 108
43141 43180 45
43153 43157 272
43169 43171 280
43174 43177 249
43188 43205 197
43202 43210 126
43205 43241 210
43210 43242 300
43215 43242 166
43230 43277 216
43248 43262 272
43278 43316 30
43279 43287 132
43292 43299 107
43308 43356 263
43326 43343 249
43345 43362 83
43373 43400 206
43387 43417 121
43406 43431 130
43409 43446 19
43435 43471 57
43454 43459 187
43468 43491 181
43473 43486 19
43487 43527 243
43499 43549 151
43526 43541 279
43529 43533 279
43544 43555 149
43573 43603 50
43587 43596 290
43613 43656 267
43624 43626 43
43652 43697 122
43666 43713 224
43678 43697 270
43682 43708 24
43700 43708 46
43724 43748 129
43734 43736 192
43752 43799 171
43766 43783 78
43768 43811 194
43783 43816 25
43792 43802 47
43812 43837 289
43816 43841 165
43836 43874 274
43844 43849 154
43856 43862 198
43872 43885 83
43883 43888 138
43902 43932 130
43925 43937 76
43948 43982 171
43960 44000 204
43981 44024 224
43985 44030 92
44008 44011 201
44014 44053 71
44031 44077 274
44052 44054 215
44072 44105 65
44085 44111 165
44097 44135 288
44102 44120 245
44116 44118 4
44127 44147 59
44146 44173 154
44171 44192 245
44194 44215 175
44210 44218 216
44211 44221 157
44237 44281 55
44261 44262 149
44285 44306 165
44285 44296 40
44307 44316 27
44319 44341 107
44338 44347 267
44355 44383 17
44367 44411 114
44372 44378 192
44373 44410 173
44403 44412 235
44412 44435 33
44418 44439 239
44420 44440 14
44438 44439 245
44460 44508 227
44470 44473 12
44487 44520 267
44496 44518 42
44516 44533 236
44521 44566 21
44544 44587 40
44555 44564 92
44585 44627 67
44607 44646 89
44612 44623 184
44626 44635 280
44634 44676 249
44661 44670 122
44663 44671 230
44665 44700 166
44687 44726 162
44715 44726 3
44717 44760 212
44744 44752 153
44769 44792 273
44770 44801 176
44772 44782 55
44783 44820 158
44805 44825 170
44825 44829 117
44834 44848 43
44836 44850 153
44838 44874 103
44843 44870 122
44850 44856 109
44877 44909 6
44889 44921 117
44909 44917 99
44919 44933 116
44922 44937 53
44932 44965 288
44958 44965 296
44961 45007 215
44990 45000 55
45011 45056 253
45030 45073 175
45031 45046 16
45055 45063 32
45073 45102 109
45097 45108 245
45102 45119 170
45108 45112 106
45111 45135 202
45116 45160 99
45140 45148 19
45161 45206 121
45165 45171 220
45189 45194 248
45196 45238 150
45213 45239 120
45238 45273 44
45238 45279 230
45266 45281 173
45278 45305 135
45303 45343 45
45328 45356 109
45329 45333 43
45341 45342 234
45358 45368 74
45364 45408 278
45379 45421 282
45406 45420 16
45430 45460 48
45440 45471 171
45453 45463 3
45480 45483 133
45491 45536 272
45495 45516 106
45520 45522 300
45549 45566 108
45552 45586 243
45553 45589 298
45553 45569 275
45573 45601 120
45601 45648 298
45615 45645 37
45615 45650 123
45618 45637 207
45630 45673 25
45658 45704 236
45658 45676 240
45672 45707 96
45693 45708 120
45700 45748 296
45720 45766 73
45738 45767 228
45767 45812 82
45778 45779 76
45786 45828 155
45806 45850 87
45809 45820 44
45834 45870 62
45844 45850 244
45845 45867 271
45872 45908 39
45895 45923 177
45904 45933 214
45915 45925 88
45930 45964 165
45932 45953 19
45938 45952 84
45961 45982 39
45968 45994 264
45986 46022 229
45993 46015 30
46011 46030 280
46038 46066 188
46057 46076 226
46058 46076 8
46086 46118 124
46105 46139 131
46117 46163 138
46135 46181 288
46151 46163 183
46153 46196 162
46175 46217 254
46195 46211 194
46221 46253 212
46240 46247 68
46258 46277 188
46280 46322 229
46305 46329 148
46305 46320 73
46330 46351 108
46357 46362 161
46362 46366 53
46380 46407 160
46391 46433 85
46396 46411 140
46409 46456 94
46418 46464 93
46438 46481 282
46455 46465 239
46463 46492 255
46487 46498 193
46497 46530 197
46525 46568 234
46546 46552 203
46570 46577 275
46575 46592 111
46598 46610 83
46611 46636 201
46631 46669 257
46660 46708 198
46677 46719 54
46684 46715 119
46687 46722 65
46700 46727 105
46728 46775 230
46744 46746 133
46763 46775 205
46774 46820 248
46804 46814 38
46829 46868 36
46849 46899 36
46855 46886 282
46865 46903 274
46867 46882 289
46877 46900 137
46894 46934 144
46906 46913 257
46932 46938 233
46962 46965 234
46970 46984 259
46974 47021 79
46987 47034 132
46998 47021 43
47001 47031 261
47017 47056 140
47020 47069 60
47028 47072 295
47042 47084 65
47055 47058 260
47070 47112 237
47074 47116 196
47104 47144 218
47118 47160 53
47139 47184 138
47162 47172 152
47178 47211 220
47204 47234 293
47221 47233 10
47233 47254 252
47246 47257 205
47266 47295 63
47280 47286 233
47289 47294 54
47292 47327 229
47296 47326 199
47313 47352 21
47339 47386 75
47356 47371 27
47370 47402 203
47379 47425 287
47390 47400 15
47417 47444 217
47434 47476 52
47439 47480 76
47446 47455 227
47469 47484 209
47488 47526 126
47499 47522 277
47499 47514 70
47506 47545 223
47524 47546 299
47528 47544 160
47549 47555 68
47566 47583 16
47584 47612 80
47610 47648 246
47635 47664 69
47658 47691 200
47682 47729 278
47708 47751 207
47718 47733 161
47730 47744 186
47753 47795 282
47781 47782 45
47781 47810 7
47794 47806 286
47799 47843 286
47811 47828 201
47829 47843 107
47854 47859 252
47859 47907 86
47876 47902 218
47881 47914 158
47885 47891 124
47914 47947 132
47937 47942 211
47950 47999 68
47956 47971 133
47968 47974 260
47997 48037 102
48013 48058 201
48023 48055 157
48047 48053 25
48066 48106 166
48066 48093 60
48087 48102 240
48096 48113 108
48096 48112 30
48107 48147 155
48130 48156 207
48131 48167 163
48140 48170 202
48170 48203 3
48197 48224 179
48225 48244 108
48255 48295 257
48274 48317 66
48299 48327 223
48308 48353 279
48309 48317 67
48318 48330 28
48329 48360 145
48350 48377 285
48361 48364 113
48389 48413 99
48401 48409 99
48417 48452 81
48440 48463 99
48450 48452 58
48452 48476 114
48470 48471 22
48493 48528 218
48496 48544 249
48497 48531 63
48504 48539 191
48524 48555 250
48532 48549 43
48544 48581 127
48557 48591 235
48583 48631 262
48598 48626 151
48628 48635 178
48649 48661 82
48651 48685 44
48658 48678 272
48686 48693 205
48705 48717 59
48713 48738 178
48719 48721 254
48725 48727 210
48738 48752 8
48742 48745 30
48745 48761 172
48764 48768 148
48791 48800 16
48792 48835 269
48794 48816 180
48809 48831 201
48832 48850 200
48857 48896 146
48878 48916 173
48908 48928 131
48919 48953 156
48924 48932 278
48928 48930 242
48931 48951 27
48944 48990 77
48965 48979 46
48991 49038 53
49003 49045 274
49014 49048 194
49032 49077 147
49036 49078 291
49036 49062 201
49054 49095 188
49068 49102 286
49090 49095 46
49114 49155 160
49131 49143 102
49152 49169 256
49180 49208 171
49182 49183 128
49205 49243 68
49225 49245 86
49232 49238 33
49242 49276 86
49242 49255 42
49246 49274 149
49251 49292 295
49251 49255 50
49265 49266 268
49292 49326 59
49302 49330 276
49317 49357 24
49335 49358 87
49345 49361 48
49359 49370 235
49374 49388 280
49384 49386 215
49393 49409 65
49404 49416 254
49414 49424 109
49436 49437 266
49443 49444 250
49462 49474 285
49467 49479 92
49493 49496 222
49519 49528 48
49529 49531 268
49551 49555 130
49579 49614 21
49586 49629 166
49590 49628 210
49617 49641 13
49643 49681 23
49672 49705 154
49676 49724 15
49676 49684 175
49686 49720 139
49701 49735 147
49731 49752 183
49757 49767 15
49767 49807 37
49794 49825 12
49809 49847 56
49838 49882 298
49839 49866 170
49850 49893 241
49877 49925 147
49907 49916 181
49913 49937 119
49939 49982 40
49945 49947 204
49968 49998 290
49996 50028 68
50011 50044 260
50015 50043 11
50038 50057 300
50045 50064 209
50053 50093 200
50083 50117 10
50109 50119 199
50116 50134 243
50146 50151 251
50175 50184 278
50183 50221 57
50201 50222 52
50206 50244 16
50228 50230 139
50253 50298 159
50272 50287 103
50290 50302 4
50308 50345 205
50318 50358 206
50330 50342 272
50343 50367 164
50353 50373 105
50378 50427 8
50380 50410 129
50386 50391 6
50404 50453 189
50423 50433 297
50443 50477 235
50453 50500 54
50477 50510 17
50481 50526 25
50509 50513 229
50526 50539 291
50550 50593 2
50580 50627 108
50582 50598 241
50607 50627 192
50616 50649 119
50639 50641 203
50639 50676 85
50659 50677 285
50673 50690 130
50700 50702 62
50704 50709 275
50704 50714 292
50720 50723 52
50750 50756 270
50773 50806 47
50798 50818 5
50828 50830 53
50835 50860 163
50838 50847 22
50847 50875 198
50864 50907 170
50887 50892 257
50890 50929 145
50917 50948 45
50943 50964 107
50957 50985 62
50973 50991 235
50989 51036 250
51015 51032 279
51022 51053 99
51022 51025 121
51034 51051 261
51047 51075 18
51077 51107 94
51077 51119 150
51101 51109 214
51118 51149 117
51133 51134 215
51140 51147 103
51155 51165 117
51183 51229 80
51196 51223 82
51215 51223 87
51222 51226 125
51252 51254 82
51282 51288 33
51301 51339 181
51306 51339 176
51317 51326 187
51332 51335 166
51338 51383 75
51365 51399 176
51378 51402 206
51390 51416 157
51398 51403 103
51416 51446 21
51425 51470 9
51443 51448 81
51466 51473 148
51495 51502 171
51524 51529 268
51553 51576 291
51575 51576 49
51580 51628 291
51609 51654 258
51634 51656 235
51662 51691 54
51680 51718 196
51706 51716 54
51714 51737 160
51715 51723 76
51735 51738 245
51749 51781 230
51755 51761 100
51762 51775 28
51769 51810 73
51775 51825 211
51796 51838 274
51798 51847 258
51828 51856 206
51829 51837 59
51859 51887 45
51873 51881 24
51885 51924 83
51885 51910 191
51890 51894 251
51913 51938 139
51941 51955 296
51966 52005 73
51968 51981 161
51975 51998 296
51982 52025 134
52000 52007 51
52025 52052 139
52042 52044 30
52054 52072 229
52082 52122 80
52110 52137 48
52119 52143 18
52142 52173 281
52152 52194 82
52170 52207 196
52194 52219 169
52206 52235 237
52229 52277 246
52249 52260 266
52266 52270 190
52296 52344 260
52308 52357 46
52330 52378 178
52351 52359 159
52364 52367 59
52370 52415 226
52373 52399 84
52387 52405 96
52389 52411 19
52418 52439 263
52438 52483 50
52467 52483 232
52482 52490 121
52494 52507 6
52505 52546 52
52521 52532 10
52529 52542 5
52542 52548 166
52560 52604 140
52564 52570 241
52564 52609 242
52579 52584 225
52601 52646 232
52617 52661 112
52642 52660 294
52668 52708 119
52692 52703 173
52695 52731 127
52711 52742 255
52711 52753 61
52735 52763 159
52760 52786 296
52764 52813 58
52790 52837 212
52817 52825 64
52832 52878 134
52861 52885 155
52880 52912 3
52894 52910 243
52906 52946 253
52910 52943 282
52916 52962 204
52944 52945 191
52954 52997 176
52968 52993 260
52979 53019 4
52985 53004 288
53012 53038 219
53013 53043 176
53041 53066 77
53061 53107 73
53082 53109 273
53088 53138 66
53093 53139 164
53101 53151 84
53118 53127 46
53140 53190 232
53153 53175 218
53167 53209 193
53170 53211 140
53199 53238 150
53209 53238 278
53231 53237 218
53239 53287 81
53258 53293 5
53285 53290 3
53306 53338 212
53335 53363 135
53335 53369 232
53340 53367 209
53352 53392 151
53355 53368 30
53375 53403 97
53401 53435 92
53410 53433 188
53435 53483 262
53457 53490 36
53457 53492 35
53459 53480 206
53468 53491 152
53494 53506 256
53501 53550 256
53528 53557 101
53537 53582 176
53554 53591 263
53571 53583 281
53575 53600 269
53589 53624 18
53590 53617 162
53616 53633 207
53621 53656 128
53636 53657 288
53658 53695 149
53676 53684 244
53701 53728 217
53716 53740 76
53727 53728 282
53744 53756 200
53755 53802 33
53778 53781 117
53779 53817 35
53781 53828 168
53804 53848 220
53827 53860 39
53845 53882 236
53859 53907 262
53870 53895 147
53887 53922 9
53892 53935 158
53903 53914 286
53929 53973 164
53936 53979 220
53947 53981 148
53964 53979 271
53969 54010 179
53997 54037 71
54010 54052 291
54023 54069 195
54046 54094 277
54056 54075 151
54080 54123 148
54087 54115 49
54110 54144 97
54137 54152 300
54154 54168 151
54174 54209 283
54198 54238 276
54202 54236 275
54217 54250 135
54237 54239 165
54245 54262 24
54275 54282 48
54294 54332 94
54302 54345 224
54329 54337 18
54355 54383 129
54359 54372 220
54370 54394 276
54396 54402 51
54398 54407 262
54417 54450 199
54441 54477 54
54456 54457 187
54471 54492 300
54496 54528 156
54510 54533 90
54529 54552 181
54556 54571 1
54566 54607 43
54572 54586 62
54597 54609 105
54620 54629 281
54649 54686 154
54650 54677 10
54663 54684 21
54665 54695 179
54695 54697 245
54706 54743 136
54725 54753 299
54753 54755 178
54783 54796 28
54809 54828 150
54820 54821 110
54832 54833 282
54836 54867 22
54860 54882 192
54887 54912 203
54889 54935 169
54890 54940 84
54908 54940 123
54936 54975 116
54964 54978 99
54986 55018 29
54994 55041 258
54995 55026 150
55020 55062 207
55031 55041 279
55034 55062 19
55035 55053 245
55041 55074 119
55050 55083 165
55069 55077 275
55070 55096 139
55097 55140 16
55117 55123 35
55141 55186 31
55160 55167 20
55167 55198 91
55169 55218 80
55180 55218 118
55195 55204 118
55205 55240 181
55233 55241 230
55234 55277 236
55261 55303 120
55262 55304 149
55262 55303 131
55271 55289 200
55276 55285 184
55296 55310 17
55298 55325 45
55314 55363 175
55340 55377 228
55346 55389 182
55347 55396 103
55350 55373 248
55361 55375 261
55368 55395 59
55372 55420 128
55400 55421 147
55430 55441 248
55452 55463 90
55466 55489 78
55482 55521 168
55486 55488 97
55509 55516 81
55512 55551 108
55518 55549 282
55548 55589 207
55552 55586 182
55569 55570 298
55569 55584 44
55599 55608 145
55619 55623 283
55636 55646 138
55664 55711 172
55669 55679 137
55694 55703 163
55711 55747 3
55723 55769 298
55737 55749 289
55754 55764 109
55775 55819 233
55798 55844 36
55799 55821 153
55811 55859 293
55828 55862 299
55857 55905 75
55885 55912 80
55892 55907 7
55916 55935 190
55925 55969 126
55935 55975 300
55944 55954 244
55956 55978 26
55957 56001 121
55960 55979 152
55987 55991 185
55997 56036 224
56027 56074 164
56027 56071 80
56055 56079 35
56074 56123 69
56100 56133 203
56120 56160 81
56146 56177 162
56149 56182 276
56154 56199 66
56169 56204 231
56172 56208 134
56182 56194 70
56188 56204 104
56196 56211 186
56223 56225 1
56248 56271 276
56264 56301 285
56278 56319 297
56295 56302 100
56305 56308 279
56305 56326 50
56333 56365 134
56343 56358 173
56367 56376 166
56367 56374 285
56371 56381 257
56398 56410 186
56401 56403 256
56425 56431 2
56432 56440 233
56457 56463 228
56483 56500 160
56508 56525 262
56512 56562 143
56538 56556 282
56561 56563 288
56588 56604 282
56591 56626 154
56595 56632 107
56610 56621 183
56613 56639 37
56624 56644 87
56641 56688 68
56649 56699 233
56665 56687 44
56681 56725 211
56698 56721 116
56714 56744 171
56739 56788 275
56759 56793 80
56786 56795 215
56798 56799 133
56810 56851 167
56837 56861 37
56860 56900 245
56876 56887 265
56881 56918 289
56897 56927 104
56915 56927 221
56923 56948 180
56953 56970 59
56958 56972 267
56960 57005 81
56963 56967 129
56965 57005 84
56965 57004 145
56969 56984 287
56991 57002 156
56995 57007 117
56997 57038 202
57022 57025 185
57046 57055 100
57074 57077 231
57087 57098 193
57096 57140 131
57120 57141 188
57149 57178 241
57162 57176 63
57191 57237 26
57202 57245 268
57223 57241 36
57226 57254 266
57243 57273 119
57256 57270 207
57276 57318 163
57286 57318 223
57287 57295 258
57294 57337 202
57298 57320 204
57298 57337 121
57315 57342 181
57339 57362 288
57362 57395 188
57390 57400 286
57408 57455 278
57426 57462 249
57444 57481 179
57457 57507 211
57462 57478 262
57468 57499 272
57486 57526 236
57516 57524 75
57524 57553 192
57533 57540 272
57557 57561 222
57583 57586 271
57606 57645 160
57632 57682 277
57648 57671 285
57653 57671 76
57681 57701 72
57700 57725 160
57730 57756 93
57757 57787 101
57766 57816 81
57771 57814 241
57799 57824 40
57823 57871 96
57851 57877 188
57858 57871 62
57873 57901 298
57880 57898 89
57880 57891 80
57909 57923 123
57922 57955 293
57945 57971 139
57952 57992 12
57982 58024 126
58000 58043 215
58013 58017 165
58024 58061 45
58051 58090 41
58081 58095 169
58082 58103 278
58109 58143 262
58138 58178 172
58160 58193 220
58166 58172 35
58194 58229 14
58197 58212 203
58198 58209 31
58200 58209 72
58229 58235 145
58243 58254 77
58254 58266 232
58257 58264 19
58287 58295 214
58291 58326 170
58304 58325 198
58334 58345 241
58357 58399 143
58378 58403 136
58392 58437 34
58409 58457 173
58429 58437 1
58458 58508 101
58473 58495 106
58499 58544 281
58513 58543 85
58530 58537 131
58553 58565 135
58553 58559 286
58560 58581 178
58586 58602 31
58608 58647 222
58633 58651 272
58634 58669 55
58651 58688 127
58654 58689 298
58672 58673 36
58686 58700 56
58696 58710 291
58717 58742 144
58725 58744 37
58748 58766 25
58764 58788 96
58775 58778 23
58789 58833 136
58803 58850 216
58831 58838 199
58854 58879 186
58857 58862 199
58867 58878 232
58880 58912 296
58893 58902 272
58900 58922 11
58903 58930 1
58929 58967 47
58959 58966 37
58971 59007 82
58991 59033 78
58994 59010 262
59016 59055 149
59020 59060 116
59033 59060 235
59060 59105 270
59065 59074 230
59079 59127 270
59097 59133 58
59127 59134 86
59144 59170 247
59152 59174 242
59156 59200 7
59181 59206 149
59183 59200 53
59198 59224 291
59224 59268 104
59247 59255 166
59253 59271 138
59253 59281 23
59267 59297 14
59271 59311 117
59301 59310 10
59312 59329 19
59332 59350 147
59357 59398 100
59374 59421 160
59402 59403 149
59421 59441 291
59438 59470 146
59458 59494 176
59463 59487 268
59474 59483 170
59475 59517 276
59484 59497 6
59500 59531 101
59500 59504 279
59508 59540 139
59525 59530 17
59553 59572 91
59555 59564 114
59567 59587 80
59587 59626 47
59608 59632 82
59635 59637 40
59661 59691 261
59664 59685 131
59688 59703 37
59688 59702 237
59708 59733 93
59732 59754 198
59749 59776 155
59756 59782 187
59781 59786 84
59810 59814 288
59829 59833 50
59835 59851 80
59855 59902 199
59859 59888 54
59864 59895 44
59887 59895 248
59917 59950 119
59926 59929 15
59938 59986 99
59943 59956 298
59955 59982 199
59976 60004 79
60003 60045 18
60009 60056 47
60028 60076 61
60030 60076 172
60044 60051 296
60062 60110 7
60065 60066 137
60087 60100 266
60092 60140 40
60093 60102 109
60119 60132 121
60129 60177 128
60152 60175 292
60179 60215 132
60183 60229 53
60213 60263 136
60217 60265 53
60223 60239 269
60241 60266 162
60255 60281 63
60274 60312 190
60301 60318 204
60330 60364 169
60357 60388 148
60373 60396 111
60389 60410 294
60404 60447 79
60427 60446 74
60440 60463 83
60440 60447 277
60458 60471 292
60466 60480 89
60480 60529 87
60496 60518 27
60512 60537 264
60520 60558 174
60548 60582 281
60566 60571 174
60594 60642 92
60604 60620 82
60607 60619 29
60608 60621 296
60608 60619 46
60623 60664 103
60631 60656 80
60653 60667 222
60655 60674 32
60669 60712 198
60669 60712 145
60688 60707 215
60691 60693 64
60691 60732 195
60717 60759 201
60724 60745 22
60729 60742 1
60750 60796 63
60767 60817 156
60790 60827 190
60796 60820 124
60824 60872 120
60827 60875 13
60836 60885 287
60858 60862 251
60859 60880 174
60876 60887 51
60903 60937 62
60926 60966 56
60947 60996 264
60974 61015 172
60993 61028 92
61016 61044 6
61020 61055 66
61026 61076 291
61053 61090 42
61056 61085 84
61084 61106 249
61112 61133 109
61130 61172 178
61141 61150 269
61160 61196 117
61164 61165 225
61194 61223 19
61199 61217 285
61206 61220 43
61219 61269 50
61244 61280 201
61247 61278 219
61247 61261 55
61248 61273 143
61274 61320 176
61300 61327 93
61300 61324 177
61308 61349 191
61334 61374 281
61350 61368 86
61378 61425 81
61383 61402 110
61389 61425 68
61390 61396 9
61411 61447 182
61437 61446 12
61467 61498 240
61479 61485 141
61480 61482 161
61497 61500 239
61516 61537 166
61529 61569 269
61529 61563 28
61557 61565 173
61565 61610 298
61575 61577 243
61598 61604 51
61613 61620 199
61643 61645 185
61672 61705 89
61689 61732 282
61703 61740 168
61722 61730 10
61737 61764 295
61762 61785 259
61771 61817 281
61791 61821 137
61817 61838 102
61833 61844 282
61854 61855 177
61870 61920 196
61895 61899 19
61924 61965 12
61931 61945 234
61949 61963 19
61969 61983 83
61994 62038 186
62019 62049 273
62033 62036 98
62057 62106 228
62079 62117 295
62097 62107 285
62109 62147 97
62133 62151 223
62141 62191 107
62171 62212 131
62176 62211 243
62195 62241 144
62225 62250 295
62234 62253 56
62236 62238 12
62248 62265 249
62277 62284 36
62295 62345 84
62305 62317 6
62317 62322 187
62332 62346 246
62362 62369 216
62392 62421 266
62410 62446 34
62435 62465 221
62448 62493 194
62475 62494 106
62499 62529 248
62503 62507 48
62526 62539 74
62549 62590 128
62557 62569 257
62578 62610 213
62586 62617 104
62616 62656 205
62642 62691 287
62642 62671 258
62642 62650 225
62669 62687 256
62688 62696 104
62714 62763 212
62739 62780 76
62763 62799 86
62784 62798 245
62812 62834 232
62816 62828 236
62846 62870 30
62855 62868 132
62855 62902 116
62870 62913 20
62875 62908 28
62900 62915 137
62912 62960 143
62931 62958 240
62934 62957 122
62936 62938 224
62959 62988 160
62978 62984 56
62993 63000 108
63014 63041 246
63023 63070 299
63036 63058 158
63036 63065 297
63052 63082 297
63059 63101 261
63080 63115 227
63095 63100 241
63112 63140 219
63123 63147 230
63133 63162 83
63153 63199 237
63180 63223 72
63191 63212 211
63212 63251 53
63230 63264 150
63251 63283 157
63272 63310 77
63278 63296 153
63288 63298 200
63306 63335 237
63310 63328 228
63337 63346 210
63351 63385 168
63366 63372 124
63379 63408 38
63386 63397 73
63388 63430 94
63417 63423 141
63445 63452 41
63447 63478 95
63456 63499 59
63476 63484 113
63502 63524 137
63502 63550 141
63521 63544 104
63544 63560 175
63547 63576 135
63559 63599 268
63588 63610 45
63613 63628 31
63629 63632 201
63650 63657 208
63676 63686 292
63706 63716 36
63732 63761 233
63761 63774 20
63770 63801 141
63773 63819 25
63801 63817 84
63830 63839 297
63851 63857 23
63880 63919 240
63908 63926 60
63913 63920 22
63938 63984 221
63965 64002 133
63974 63981 27
63986 63999 296
63989 64009 141
64003 64026 94
64007 64029 84
64031 64033 272
64042 64054 161
64064 64084 74
64094 64133 105
64119 64154 228
64149 64173 252
64150 64162 86
64170 64197 169
64173 64209 204
64194 64223 49
64216 64262 84
64224 64261 219
64247 64248 241
64256 64301 54
64279 64322 189
64290 64311 131
64294 64333 147
64314 64352 192
64334 64357 5
64356 64406 285
64359 64367 222
64382 64427 130
64388 64433 107
64416 64447 11
64432 64476 178
64457 64503 225
64481 64499 55
64500 64530 136
64520 64550 129
64549 64585 123
64573 64603 235
64597 64635 87
64622 64664 47
64641 64678 3
64659 64675 290
64670 64691 286
64696 64713 96
64715 64754 270
64737 64757 270
64763 64769 5
64773 64781 238
64797 64809 231
64798 64813 230
64809 64831 53
64812 64830 31
64830 64862 48
64844 64877 292
64852 64886 122
64863 64887 114
64876 64881 95
64889 64932 209
64917 64943 202
64940 64962 59
64943 64948 102
64953 64993 270
64964 64980 10
64979 65008 270
64983 64986 291
64983 65014 199
65002 65041 117
65002 65037 238
65025 65065 183
65034 65060 176
65055 65087 211
65078 65114 48
65095 65132 181
65124 65128 190
65138 65140 197
65146 65186 52
65155 65170 72
65175 65189 85
65183 65189 204
65207 65235 84
65229 65249 161
65256 65287 158
65280 65314 133
65289 65306 35
65298 65306 129
65327 65358 187
65338 65342 67
65356 65403 157
65366 65376 39
65377 65384 149
65396 65438 231
65412 65448 69
65427 65446 25
65429 65468 210
65450 65469 274
65455 65497 257
65469 65491 179
65498 65515 41
65515 65553 247
65533 65561 97
65552 65585 271
65555 65579 72
65555 65599 291
65565 65582 241
65575 65596 29
65603 65623 64
65603 65622 45
65629 65658 151
65651 65675 5
65667 65717 295
65679 65715 62
65698 65720 106
65709 65753 50
65739 65745 81
65746 65760 213
65766 65812 172
65794 65837 8
65804 65816 11
65808 65841 37
65837 65842 104
65844 65848 248
65852 65875 21
65859 65902 232
65866 65899 242
65879 65929 28
65886 65916 4
65907 65924 107
65922 65944 254
65922 65969 67
65948 65998 107
65959 66001 235
65983 65991 7
66007 66012 142
66017 66061 129
66023 66063 40
66041 66071 95
66054 66085 64
66063 66100 117
66083 66117 29
66089 66105 20
66101 66105 91
66131 66158 206
66139 66169 112
66156 66183 116
66166 66180 57
66170 66198 132
66195 66216 51
66216 66228 176
66230 66233 95
66240 66250 212
66244 66294 298
66251 66259 1
66261 66278 171
66268 66308 215
66279 66297 137
66294 66327 124
66302 66328 236
66319 66329 41
66326 66364 247
66338 66351 245
66338 66367 147
66347 66371 39
66353 66392 281
66353 66370 106
66375 66418 4
66378 66398 141
66385 66393 208
66387 66388 262
66389 66427 23
66394 66400 109
66397 66407 15
66403 66410 295
66406 66416 78
66436 66470 156
66448 66454 161
66466 66502 213
66476 66494 173
66482 66485 55
66510 66528 178
66517 66546 57
66520 66528 94
66536 66557 22
66562 66572 216
66587 66593 181
66607 66613 139
66614 66664 70
66642 66689 162
66656 66676 53
66673 66697 216
66698 66742 191
66698 66746 45
66705 66744 178
66709 66717 263
66713 66750 214
66717 66735 113
66745 66757 144
66763 66794 235
66778 66802 174
66798 66818 283
66825 66844 6
66851 66889 93
66880 66913 196
66885 66931 271
66898 66947 61
66911 66951 237
66927 66974 299
66929 66937 262
66942 66978 117
66956 67003 211
66957 66988 8
66978 66987 185
67006 67037 83
67012 67026 277
67029 67058 164
67055 67056 92
67074 67112 63
67085 67094 144
67093 67133 113
67098 67138 136
67098 67100 221
67126 67161 241
67126 67149 58
67152 67164 224
67166 67209 27
67181 67204 53
67181 67220 57
67191 67193 253
67215 67260 214
67232 67255 6
67253 67256 19
67281 67289 225
67291 67307 177
67316 67332 244
67340 67354 200
67342 67364 103
67354 67382 153
67363 67366 102
67363 67368 248
67381 67406 26
67395 67442 195
67421 67452 226
67436 67464 274
67448 67494 112
67477 67522 10
67506 67536 28
67510 67539 18
67514 67521 72
67522 67548 96
67531 67534 275
67560 67569 140
67574 67605 67
67591 67625 181
67597 67632 242
67608 67628 73
67636 67680 58
67649 67699 103
67674 67717 21
67696 67719 298
67720 67746 211
67734 67765 59
67753 67800 125
67753 67772 271
67779 67800 57
67805 67844 195
67826 67869 114
67831 67848 3
67837 67859 65
67853 67896 4
67861 67881 148
67878 67902 122
67881 67920 72
67894 67913 292
67911 67926 65
67918 67933 267
67946 67971 106
67964 67987 53
67992 68027 172
68011 68032 31
68037 68050 227
68060 68067 65
68071 68106 208
68101 68127 26
68103 68143 271
68104 68145 185
68126 68137 105
68137 68165 90
68165 68215 299
68172 68196 30
68195 68243 9
68211 68224 275
68241 68280 150
68264 68312 102
68294 68300 200
68309 68341 90
68323 68364 108
68338 68346 150
68360 68382 131
68368 68374 40
68398 68440 94
68405 68421 19
68419 68449 101
68442 68452 3
68448 68450 67
68454 68483 73
68466 68491 235
68477 68479 88
68499 68505 258
68518 68558 39
68523 68549 32
68525 68569 50
68552 68574 76
68560 68600 108
68574 68600 121
68580 68616 249
68608 68630 92
68610 68626 86
68626 68656 121
68649 68652 231
68678 68702 257
68692 68733 199
68712 68745 35
68739 68782 33
68739 68786 162
68745 68792 50
68770 68774 101
68799 68810 4
68812 68842 116
68837 68865 288
68849 68879 116
68850 68860 184
68861 68885 151
68883 68899 193
68913 68955 130
68913 68958 144
68935 68984 19
68939 68952 103
68953 68970 62
68972 68979 34
69001 69005 243
69027 69028 197
69030 69075 208
69055 69072 196
69077 69078 225
69079 69089 122
69082 69091 131
69097 69127 157
69099 69111 183
69119 69149 223
69147 69188 216
69164 69201 121
69179 69194 120
69179 69212 218
69205 69220 163
69213 69228 114
69229 69244 123
69240 69265 32
69254 69277 94
69275 69315 162
69304 69338 295
69315 69351 117
69339 69362 202
69361 69391 102
69387 69400 241
69399 69446 286
69416 69421 39
69441 69475 145
69457 69474 254
69482 69524 267
69507 69545 223
69507 69535 91
69537 69566 270
69551 69574 70
69581 69619 122
69584 69623 179
69591 69614 217
69602 69624 299
69611 69637 169
69624 69637 279
69643 69656 97
69664 69683 104
69675 69683 259
69697 69712 139
69718 69738 286
69742 69759 299
69762 69776 42
69767 69789 248
69770 69783 108
69794 69844 67
69807 69818 277
69830 69851 153
69834 69853 17
69863 69880 176
69882 69889 212
69890 69933 75
69918 69935 145
69943 69984 98
69957 69995 139
69975 69983 45
69997 70024 214
70001 70011 1
70027 70034 126
70050 70073 211
70068 70109 190
70086 70093 232
70104 70143 152
70114 70147 246
70144 70162 70
70160 70204 216
70182 70199 84
70194 70218 43
70202 70226 159
70204 70226 274
70214 70226 177
70221 70256 35
70237 70243 149
70254 70263 100
70270 70279 122
70289 70329 252
70306 70340 222
70327 70336 245
70344 70354 93
70371 70397 87
70380 70385 163
70405 70422 270
70414 70422 12
70438 70469 74
70466 70473 20
70483 70520 292
70513 70563 221
70534 70580 16
70557 70578 205
70574 70604 196
70576 70622 253
70594 70640 52
70600 70646 91
70622 70638 36
70647 70658 96
70666 70679 187
70686 70731 104
70713 70762 260
70738 70746 279
70753 70802 110
70772 70785 206
70802 70824 89
70812 70819 18
70824 70847 70
70825 70837 171
70848 70860 167
70871 70888 120
70882 70918 40
70909 70918 292
70923 70965 159
70951 70984 250
70962 70971 66
70976 70990 25
70986 71026 105
70993 71021 223
71010 71033 197
71029 71040 168
71052 71098 253
71081 71123 283
71109 71153 293
71116 71164 78
71122 71128 93
71145 71173 122
71156 71161 82
71186 71231 78
71194 71220 51
71215 71256 204
71228 71266 90
71238 71274 147
71252 71261 102
71279 71324 23
71304 71306 114
71315 71361 284
71343 71386 82
71372 71384 263
71390 71427 262
71419 71420 163
71437 71440 29
71437 71485 203
71441 71474 27
71461 71495 177
71487 71496 262
71499 71526 203
71526 71554 235
71556 71565 237
71571 71621 13
71586 71611 26
71611 71634 50
71615 71642 166
71615 71637 188
71643 71646 224
71670 71694 169
71693 71709 90
71695 71736 189
71712 71725 210
71730 71756 54
71737 71758 255
71767 71802 243
71788 71795 266
71806 71838 14
71819 71836 113
71837 71883 147
71846 71863 207
71873 71882 112
71896 71924 24
71899 71929 46
71905 71907 107
71923 71942 162
71927 71964 112
71927 71965 253
71942 71962 177
71958 72004 174
71966 71998 105
71973 72015 1
71998 72006 103
72012 72020 12
72021 72061 130
72037 72087 219
72040 72042 124
72041 72054 133
72053 72074 268
72083 72117 249
72112 72149 262
72113 72118 5
72115 72124 101
72125 72137 17
72139 72184 36
72140 72189 64
72163 72209 173
72166 72173 76
72192 72231 106
72192 72204 270
72194 72200 123
72206 72210 118
72220 72253 92
72242 72286 75
72245 72271 171
72273 72301 224
72273 72311 31
72291 72321 64
72293 72329 156
72321 72364 250
72339 72361 39
72340 72346 177
72367 72416 295
72397 72433 230
72421 72436 63
72445 72483 119
72469 72511 84
72473 72503 148
72492 72507 146
72520 72540 227
72540 72550 130
72548 72563 155
72574 72582 61
72575 72579 194
72600 72603 80
72608 72626 159
72636 72655 243
72650 72679 110
72671 72689 31
72685 72688 245
72699 72727 132
72713 72722 167
72720 72734 36
72738 72770 84
72747 72792 265
72757 72792 50
72783 72808 171
72808 72853 48
72820 72848 238
72845 72849 147
72846 72872 110
72870 72873 73
72883 72893 102
72889 72905 274
72913 72955 251
72934 72957 266
72955 72968 208
72972 72973 84
72981 73000 115
72992 73042 154
72995 73020 289
73025 73055 174
73028 73045 53
73030 73035 139
73056 73099 214
73084 73107 248
73111 73123 248
73113 73160 54
73115 73137 149
73129 73151 113
73139 73186 290
73142 73174 208
73154 73182 96
73165 73173 64
73192 73222 94
73196 73198 46
73217 73266 187
73232 73267 298
73252 73280 52
73280 73317 252
73280 73320 12
73302 73349 240
73327 73354 172
73350 73381 138
73360 73371 228
73371 73389 244
73373 73386 231
73373 73420 40
73403 73416 296
73419 73460 150
73432 73466 42
73461 73506 89
73464 73487 188
73486 73512 185
73494 73497 294
73523 73532 145
73532 73544 124
73546 73595 238
73571 73584 56
73601 73617 125
73602 73651 139
73628 73652 297
73639 73666 29
73651 73694 179
73668 73695 229
73680 73683 220
73680 73729 47
73698 73746 204
73705 73719 202
73735 73781 87
73764 73785 281
73775 73780 24
73787 73789 244
73795 73829 84
73812 73837 202
73832 73863 254
73837 73846 120
73857 73873 245
73874 73922 270
73874 73891 265
73904 73918 262
73905 73937 262
73914 73946 85
73923 73952 70
73942 73963 70
73953 73963 84
73982 73989 39
74008 74039 125
74026 74051 169
74039 74089 215
74053 74100 266
74065 74096 22
74084 74088 300
74096 74120 218
74105 74134 104
74108 74134 181
74120 74139 7
74148 74189 143
74176 74189 298
74202 74222 296
74222 74257 62
74226 74266 9
74226 74227 36
74248 74291 122
74275 74289 286
74287 74299 56
74309 74328 163
74310 74341 179
74320 74349 54
74335 74346 47
74346 74386 216
74348 74375 189
74354 74356 121
74374 74411 165
74399 74435 240
74427 74431 134
74442 74489 154
74463 74475 53
74493 74523 68
74514 74545 232
74522 74563 222
74538 74575 83
74545 74548 251
74549 74583 219
74550 74574 122
74575 74608 101
74596 74639 11
74598 74604 96
74600 74611 62
74619 74655 275
74639 74671 300
74658 74661 99
74678 74694 68
74685 74698 168
74710 74760 263
74726 74752 22
74749 74781 139
74769 74819 198
74796 74834 77
74825 74850 87
74833 74858 48
74838 74843 110
74859 74897 37
74863 74888 45
74880 74906 39
74895 74925 271
74913 74914 113
74920 74953 18
74947 74978 213
74967 75017 12
74987 74989 168
74989 75039 262
75011 75013 2
75025 75072 52
75025 75055 273
75038 75041 30
75042 75078 187
75070 75091 281
75073 75089 83
75093 75132 38
75107 75152 53
75125 75130 187
75149 75164 151
75173 75209 299
75202 75243 247
75218 75226 250
75247 75286 139
75247 75284 145
75249 75298 225
75261 75304 208
75267 75270 89
75289 75315 229
75317 75362 109
75322 75362 111
75330 75333 66
75336 75348 120
75353 75375 139
75371 75409 53
75388 75398 88
75407 75448 208
75409 75445 220
75416 75424 53
75422 75470 209
75425 75468 244
75450 75491 197
75463 75490 109
75490 75522 168
75514 75545 222
75515 75518 58
75535 75552 257
75554 75563 113
75560 75582 269
75577 75613 168
75581 75615 51
75589 75630 54
75601 75647 192
75627 75640 254
75632 75641 136
75649 75658 16
75664 75706 246
75673 75681 249
75699 75742 10
75715 75743 263
75737 75741 200
75757 75805 271
75783 75789 211
75805 75811 210
75827 75870 159
75831 75840 22
75831 75839 59
75852 75872 140
75873 75897 174
