5000
14 17 25
44 69 185
47 82 158
72 86 206
86 96 17
86 99 178
98 123 59
109 130 105
129 169 142
133 153 27
159 179 114
172 208 295
184 203 132
210 231 115
235 262 182
239 285 1
261 283 141
262 263 199
278 327 159
301 303 8
310 311 7
324 349 41
343 393 72
346 370 157
353 382 77
358 392 91
363 402 8
374 391 289
396 431 168
414 452 182
431 459 141
441 480 125
460 480 278
489 500 133
502 535 268
527 528 105
553 569 261
567 595 87
583 603 163
597 637 223
621 632 93
623 634 88
637 669 295
654 686 98
681 717 199
700 745 214
706 715 29
713 762 270
728 761 198
737 743 88
754 782 103
765 797 12
771 815 138
775 786 134
779 800 29
791 806 216
797 830 83
798 846 105
803 829 24
805 847 249
831 851 223
856 895 182
860 889 111
873 923 266
893 907 114
907 934 134
915 954 85
923 971 58
946 987 159
947 956 283
969 984 84
973 976 228
987 1001 209
1006 1054 285
1036 1067 54
1063 1082 221
1065 1067 136
1083 1128 126
1091 1108 9
1109 1110 246
1131 1140 251
1154 1177 226
1155 1202 124
1171 1200 265
1179 1195 229
1189 1210 187
1196 1208 247
1223 1273 107
1244 1267 193
1251 1290 119
1272 1300 14
1282 1287 234
1312 1328 42
1323 1324 38
1334 1352 197
1364 1408 268
1369 1415 295
1377 1418 243
1382 1417 15
1410 1429 217
1410 1445 260
1437 1472 266
1451 1501 141
1475 1492 295
1481 1524 31
1508 1518 47
1528 1546 175
1543 1552 273
1548 1571 122
1566 1581 188
1581 1628 280
1607 1615 159
1619 1632 34
1622 1669 244
1646 1694 259
1660 1694 217
1678 1689 49
1705 1727 203
1729 1732 14
1754 1798 269
1778 1784 92
1801 1816 131
1812 1862 34
1842 1867 39
1845 1875 3
1846 1848 278
1859 1903 23
1865 1891 150
1883 1902 217
1889 1922 285
1902 1944 32
1927 1934 33
1943 1957 42
1965 1986 51
1968 2006 132
1974 2000 200
1974 2005 256
1988 2026 240
1996 2005 140
1997 2035 258
2015 2016 298
2042 2084 133
2068 2094 213
2082 2094 14
2089 2136 17
2091 2119 41
2094 2105 234
2124 2134 132
2134 2165 8
2139 2155 273
2154 2166 233
2169 2178 120
2178 2200 180
2206 2225 269
2217 2221 159
2239 2261 24
2242 2270 171
2259 2301 127
2266 2284 103
2278 2312 184
2301 2342 25
2312 2340 60
2341 2349 28
2344 2358 136
2374 2391 214
2380 2400 205
2391 2430 233
2402 2429 22
2412 2443 176
2440 2486 44
2453 2460 280
2478 2490 276
2503 2546 299
2514 2553 8
2530 2558 161
2560 2564 202
2571 2593 293
2599 2635 116
2607 2609 259
2631 2632 209
2652 2685 278
2668 2678 86
2697 2707 111
2718 2768 163
2746 2780 166
2769 2781 234
2793 2835 255
2813 2818 94
2830 2879 201
2834 2874 249
2838 2872 291
2864 2868 251
2873 2917 1
2888 2926 73
2908 2949 248
2933 2973 31
2962 2993 168
2988 2990 61
2990 2998 71
2996 3020 26
3008 3025 154
3008 3023 131
3009 3017 66
3014 3016 111
3029 3033 74
3051 3072 53
3070 3085 41
3089 3113 84
3113 3162 33
3129 3132 70
3152 3189 172
3175 3187 212
3205 3229 201
3217 3233 81
3225 3234 176
3251 3256 203
3259 3272 153
3280 3309 9
3298 3317 112
3316 3358 273
3340 3355 111
3341 3362 258
3350 3394 30
3361 3376 46
3380 3409 147
3404 3423 90
3423 3460 190
3440 3471 135
3462 3463 252
3480 3524 228
3485 3492 165
3515 3548 95
3518 3548 204
3542 3560 164
3557 3578 211
3577 3580 193
3582 3601 164
3588 3630 100
3613 3650 253
3633 3635 135
3633 3634 163
3654 3670 53
3675 3682 179
3695 3725 135
3698 3724 166
3708 3737 125
3717 3719 250
3720 3747 57
3724 3726 17
3733 3772 118
3741 3780 165
3767 3787 43
3777 3806 15
3807 3852 59
3832 3873 21
3840 3858 215
3843 3877 219
3849 3876 10
3862 3884 62
3871 3891 24
3901 3951 65
3909 3953 238
3933 3983 61
3937 3957 109
3965 4001 254
3985 4019 150
3990 4028 173
4004 4040 212
4015 4022 54
4028 4042 182
4052 4056 31
4054 4074 125
4055 4081 80
4056 4057 299
4084 4099 249
4091 4092 84
4096 4137 100
4114 4132 32
4143 4158 11
4170 4189 271
4190 4197 231
4207 4240 143
4218 4256 8
4224 4245 275
4227 4258 102
4253 4257 78
4274 4314 36
4282 4287 294
4311 4330 12
4324 4344 185
4342 4343 1
4343 4350 232
4369 4372 277
4373 4386 237
4379 4403 256
4379 4393 113
4401 4442 53
4405 4419 99
4418 4441 161
4447 4474 235
4472 4488 259
4495 4532 7
4511 4513 151
4511 4554 242
4520 4555 149
4550 4594 193
4565 4577 20
4593 4603 3
4604 4635 19
4610 4640 247
4627 4634 151
4647 4668 51
4653 4695 148
4667 4710 196
4676 4722 113
4698 4730 279
4718 4743 287
4746 4771 153
4772 4818 119
4776 4780 106
4797 4815 249
4808 4843 67
4819 4846 102
4823 4869 95
4828 4841 41
4836 4886 224
4856 4881 146
4860 4900 146
4866 4869 250
4868 4912 105
4874 4898 179
4897 4945 143
4913 4956 181
4914 4920 227
4916 4962 265
4939 4954 257
4959 4970 37
4980 4999 82
5006 5010 293
5029 5034 26
5050 5078 124
5059 5093 183
5066 5093 3
5074 5091 67
5081 5088 165
5089 5113 120
5104 5136 118
5122 5128 19
5150 5181 41
5176 5192 205
5201 5208 234
5205 5229 71
5230 5266 216
5242 5286 134
5270 5290 249
5297 5307 287
5321 5369 8
5348 5386 275
5374 5382 241
5379 5384 42
5391 5424 263
5404 5447 76
5411 5455 180
5421 5458 231
5445 5447 195
5455 5469 39
5482 5485 212
5482 5488 149
5493 5515 285
5500 5505 270
5514 5530 95
5522 5523 271
5531 5539 157
5553 5585 131
5556 5560 144
5566 5569 193
5590 5640 76
5619 5645 256
5627 5661 66
5647 5697 71
5672 5721 100
5691 5706 179
5720 5725 87
5721 5769 110
5722 5766 98
5742 5758 158
5756 5804 245
5770 5787 66
5799 5827 140
5822 5833 118
5826 5866 150
5841 5848 161
5844 5870 206
5858 5894 211
5876 5926 200
5888 5915 216
5894 5934 290
5913 5947 66
5941 5977 197
5963 5989 5
5980 5995 293
5999 6035 284
6029 6075 144
6040 6082 208
6057 6073 65
6062 6098 101
6089 6115 91
6095 6132 223
6099 6126 67
6099 6148 87
6111 6114 10
6140 6170 76
6155 6198 242
6176 6201 35
6204 6229 103
6207 6217 261
6215 6247 188
6220 6231 265
6220 6250 64
6220 6244 59
6249 6275 180
6279 6307 93
6291 6336 38
6292 6340 37
6314 6330 93
6317 6365 211
6326 6339 107
6340 6356 245
6345 6359 131
6373 6390 83
6400 6437 98
6427 6476 83
6445 6483 297
6472 6504 197
6482 6491 245
6502 6543 49
6531 6544 168
6551 6571 6
6579 6614 79
6599 6627 21
6601 6633 88
6605 6634 263
6622 6632 186
6632 6667 153
6653 6696 260
6676 6681 65
6680 6682 79
6699 6732 70
6709 6757 260
6739 6783 32
6769 6776 208
6782 6788 22
6801 6848 199
6828 6873 4
6855 6870 265
6872 6874 99
6883 6896 58
6894 6939 64
6917 6926 282
6919 6948 85
6930 6950 43
6954 7003 293
6974 7019 179
6984 6986 48
7003 7033 26
7029 7037 16
7050 7052 260
7053 7095 110
7056 7059 137
7056 7081 27
7063 7085 1
7075 7081 149
7101 7103 178
7131 7173 65
7149 7152 26
7170 7177 105
7170 7188 179
7197 7222 180
7217 7240 150
7238 7273 168
7247 7296 273
7254 7293 183
7280 7311 55
7309 7330 55
7330 7370 151
7356 7378 253
7378 7407 161
7406 7429 271
7436 7440 187
7452 7459 295
7456 7467 188
7460 7462 135
7476 7495 287
7489 7523 248
7493 7539 30
7503 7542 257
7531 7580 82
7537 7542 289
7537 7550 153
7565 7587 196
7594 7629 202
7594 7616 277
7603 7610 179
7623 7669 146
7630 7660 14
7635 7683 291
7661 7692 201
7672 7712 143
7678 7717 2
7702 7752 68
7703 7742 136
7724 7726 73
7729 7748 289
7752 7760 295
7778 7787 146
7805 7813 97
7830 7832 172
7847 7867 33
7861 7871 85
7879 7887 286
7892 7915 55
7893 7929 257
7906 7950 111
7930 7940 80
7932 7938 166
7939 7953 65
7961 7992 67
7967 7983 67
7971 7976 96
7995 8036 135
8011 8013 234
8029 8075 200
8046 8063 205
8059 8102 221
8064 8080 129
8072 8120 71
8092 8134 4
8093 8130 234
8114 8134 28
8127 8151 104
8136 8155 159
8162 8178 255
8170 8171 94
8187 8195 214
8191 8211 283
8213 8239 140
8234 8241 159
8261 8282 113
8266 8305 93
8283 8333 295
8287 8337 299
8301 8340 188
8301 8331 96
8310 8350 85
8321 8326 225
8350 8396 36
8377 8425 6
8407 8420 231
8421 8429 109
8444 8457 27
8452 8471 151
8469 8513 201
8488 8497 179
8502 8503 170
8519 8531 214
8536 8542 57
8557 8583 246
8561 8563 43
8572 8576 127
8600 8611 243
8620 8634 166
8637 8684 6
8637 8665 171
8642 8677 81
8646 8672 206
8654 8697 127
8683 8719 124
8692 8705 193
8719 8738 227
8724 8755 213
8751 8794 137
8755 8765 100
8775 8817 273
8795 8823 104
8804 8824 174
8812 8813 176
8822 8826 289
8822 8831 204
8847 8852 195
8860 8898 253
8871 8877 24
8882 8916 146
8886 8916 239
8912 8935 198
8922 8930 290
8928 8938 152
8950 9000 138
8978 9024 219
9004 9008 144
9004 9032 128
9023 9072 3
9042 9059 175
9060 9077 72
9085 9121 298
9112 9142 33
9126 9172 149
9128 9148 225
9136 9156 248
9153 9193 119
9179 9187 217
9180 9203 31
9204 9224 154
9221 9270 10
9234 9247 231
9243 9269 176
9266 9305 178
9276 9324 293
9289 9313 180
9312 9354 133
9334 9340 235
9342 9347 271
9348 9380 38
9361 9386 20
9387 9427 109
9413 9457 27
9422 9462 84
9427 9457 231
9447 9486 260
9462 9508 261
9490 9528 163
9515 9527 126
9544 9578 247
9550 9595 210
9567 9606 236
9584 9631 184
9591 9638 80
9616 9633 139
9616 9664 99
9624 9641 214
9646 9658 74
9669 9698 288
9685 9735 117
9685 9704 153
9686 9732 255
9715 9736 227
9729 9776 191
9745 9775 286
9757 9774 89
9784 9808 203
9811 9839 97
9821 9846 201
9835 9849 225
9849 9883 94
9866 9867 242
9895 9915 262
9919 9932 234
9931 9959 277
9934 9971 149
9957 9979 267
9981 9992 92
9988 10020 270
10008 10025 231
10027 10036 9
10052 10092 57
10063 10113 237
10071 10077 298
10088 10113 233
10096 10104 292
10116 10155 213
10120 10156 203
10133 10165 149
10159 10177 145
10169 10170 20
10193 10234 296
10222 10229 20
10248 10275 202
10277 10324 276
10285 10316 87
10295 10322 91
10323 10360 168
10337 10353 10
10350 10380 54
10364 10367 62
10392 10410 225
10401 10416 24
10426 10473 224
10441 10467 167
10460 10469 257
10479 10509 273
10503 10505 111
10517 10536 57
10533 10564 162
10549 10554 84
10561 10573 100
10585 10634 216
10591 10602 92
10601 10622 101
10623 10635 131
10635 10662 56
10637 10668 51
10647 10664 242
10676 10683 99
10679 10721 188
10705 10724 212
10708 10749 259
10720 10745 25
10738 10766 153
10741 10755 175
10757 10798 251
10772 10807 60
10785 10800 296
10800 10837 200
10802 10804 71
10831 10877 54
10834 10853 73
10841 10851 36
10869 10896 183
10893 10937 165
10898 10915 48
10927 10957 209
10955 10997 15
10980 11027 72
10996 11000 256
11009 11039 124
11032 11055 10
11040 11054 82
11064 11089 263
11092 11100 180
11121 11148 197
11125 11156 50
11130 11176 245
11144 11186 27
11156 11194 35
11180 11181 167
11181 11191 86
11195 11196 289
11215 11252 132
11217 11266 47
11236 11284 202
11250 11299 186
11269 11272 127
11277 11312 258
11301 11318 168
11302 11304 124
11302 11307 176
11314 11338 210
11339 11340 84
11342 11377 128
11370 11398 12
11400 11439 271
11426 11455 153
11433 11449 295
11452 11461 127
11466 11486 211
11468 11474 239
11495 11511 188
11505 11517 141
11507 11533 215
11524 11533 128
11529 11573 244
11534 11578 96
11559 11579 296
11563 11565 183
11593 11599 196
11607 11645 7
11624 11625 21
11652 11675 222
11655 11687 231
11678 11689 219
11702 11739 299
11702 11741 17
11706 11722 122
11719 11769 227
11734 11759 15
11763 11764 197
11790 11807 26
11820 11845 35
11842 11872 27
11865 11881 58
11882 11900 93
11891 11914 194
11911 11927 241
11914 11942 259
11931 11941 114
11933 11978 227
11942 11978 229
11945 11965 209
11956 11981 4
11963 11998 149
11988 12029 94
11992 12016 225
11996 12005 159
12013 12035 287
12019 12069 44
12033 12052 9
12058 12084 140
12088 12113 6
12088 12107 174
12099 12146 229
12109 12147 240
12128 12170 62
12135 12139 161
12165 12191 62
12187 12214 21
12198 12211 227
12225 12273 82
12244 12294 53
12245 12248 269
12269 12301 300
12270 12306 277
12298 12307 239
12313 12320 205
12317 12359 159
12346 12372 7
12348 12360 154
12378 12412 82
12391 12420 249
12411 12433 3
12422 12423 273
12438 12483 223
12441 12488 148
12450 12456 216
12452 12495 101
12459 12501 50
12469 12517 259
12471 12504 195
12493 12514 46
12500 12518 69
12504 12523 40
12516 12566 125
12519 12553 126
12527 12528 22
12538 12564 223
12548 12592 40
12548 12581 117
12551 12557 122
12563 12598 110
12587 12615 204
12610 12624 88
12634 12682 248
12649 12694 16
12657 12662 122
12669 12685 242
12681 12692 255
12690 12706 1
12693 12732 237
12693 12694 77
12715 12719 117
12741 12784 296
12766 12808 200
12783 12786 276
12796 12844 278
12800 12841 165
12826 12832 126
12854 12894 87
12865 12902 31
12880 12886 172
12881 12907 172
12881 12888 16
12902 12947 140
12914 12924 297
12932 12958 204
12947 12995 119
12950 12966 138
12980 12994 180
12981 12996 31
12998 13047 9
13015 13065 127
13030 13032 158
13059 13096 231
13064 13074 225
13074 13101 48
13084 13124 77
13103 13153 56
13130 13152 45
13141 13188 178
13151 13155 92
13160 13208 99
13178 13222 101
13188 13204 2
13190 13219 136
13220 13260 249
13243 13289 25
13266 13278 164
13270 13275 258
13281 13298 292
13309 13321 271
13310 13337 296
13312 13334 12
13324 13350 94
13338 13355 100
13366 13395 15
13376 13403 77
13381 13383 27
13397 13403 99
13411 13455 242
13413 13435 196
13438 13446 276
13453 13477 151
13477 13525 279
13501 13524 124
13528 13559 22
13541 13570 81
13547 13569 296
13577 13603 136
13605 13619 43
13630 13673 194
13641 13662 111
13666 13687 258
13685 13720 89
13713 13715 188
13738 13786 171
13748 13787 188
13762 13793 175
13789 13811 26
13790 13792 111
13792 13795 154
13814 13838 7
13827 13860 128
13827 13829 164
13849 13884 14
13857 13880 18
13866 13890 24
13881 13917 67
13898 13932 281
13925 13965 46
13951 13980 263
13973 13978 146
13991 14021 269
14017 14050 117
14028 14034 236
14040 14064 88
14056 14104 4
14067 14107 146
14074 14104 142
14085 14089 211
14092 14127 155
14101 14115 95
14106 14139 127
14136 14155 91
14137 14157 88
14156 14159 240
14161 14178 271
14167 14176 201
14195 14211 65
14197 14221 263
14217 14258 126
14218 14250 190
14225 14238 155
14240 14285 135
14241 14287 216
14256 14272 190
14257 14263 108
14285 14328 151
14309 14331 140
14309 14319 12
14332 14338 263
14360 14393 44
14373 14391 129
14383 14414 65
14393 14439 238
14404 14405 105
14427 14472 51
14433 14436 118
14457 14478 253
14465 14485 150
14490 14507 198
14505 14529 245
14513 14545 223
14516 14541 156
14526 14576 77
14529 14549 126
14550 14565 88
14562 14611 220
14580 14610 19
14583 14617 291
14594 14628 226
14624 14633 54
14648 14673 222
14664 14688 174
14682 14725 268
14682 14702 296
14711 14726 109
14719 14726 95
14729 14748 78
14729 14764 212
14749 14795 260
14768 14817 206
14786 14821 296
14800 14807 249
14810 14836 76
14827 14829 100
14837 14857 226
14843 14856 152
14864 14870 216
14893 14923 269
14901 14914 245
14912 14913 180
14933 14975 84
14959 14969 101
14969 14996 118
14988 15015 118
14996 15031 79
15004 15045 9
15015 15042 91
15035 15073 30
15063 15089 299
15082 15124 48
15105 15128 275
15128 15178 119
15151 15183 218
15167 15197 239
15183 15194 231
15199 15225 298
15216 15249 259
15244 15292 88
15255 15263 235
15268 15315 103
15289 15327 46
15314 15333 78
15341 15390 288
15343 15379 142
15348 15354 149
15366 15412 82
15386 15435 125
15408 15425 44
15422 15437 133
15445 15465 7
15464 15472 291
15467 15482 27
15489 15538 162
15501 15516 189
15509 15554 210
15521 15562 18
15549 15581 110
15561 15596 199
15562 15600 129
15572 15575 269
15597 15638 125
15616 15649 58
15620 15641 17
15625 15658 170
15640 15677 116
15669 15670 2
15696 15710 86
15717 15730 136
15746 15750 134
15746 15793 42
15766 15779 248
15777 15821 228
15778 15804 130
15808 15853 45
15813 15816 22
15833 15838 226
15852 15887 273
15881 15905 292
15910 15927 51
15914 15941 30
15932 15981 136
15947 15969 234
15977 16004 62
16000 16024 264
16019 16024 150
16027 16043 239
16052 16099 212
16071 16082 108
16089 16138 223
16111 16153 59
16136 16164 32
16144 16161 276
16166 16187 219
16170 16173 70
16186 16199 57
16202 16215 44
16230 16272 212
16240 16265 71
16243 16275 126
16248 16276 228
16253 16270 294
16258 16262 78
16268 16290 111
16290 16293 134
16291 16335 67
16320 16357 85
16335 16344 125
16360 16382 269
16371 16402 277
16396 16404 222
16413 16416 181
16438 16439 245
16468 16478 274
16489 16528 149
16496 16534 195
16498 16542 274
16504 16527 72
16507 16515 193
16518 16539 262
16542 16591 117
16544 16547 41
16567 16612 156
16570 16618 96
16594 16632 223
16595 16625 102
16614 16647 1
16644 16666 143
16645 16666 108
16658 16668 273
16670 16708 206
16694 16701 281
16720 16726 163
16730 16779 49
16733 16762 270
16762 16763 185
16762 16805 13
16764 16803 62
16790 16799 217
16818 16855 87
16827 16843 21
16829 16852 166
16840 16890 152
16853 16867 204
16853 16866 226
16853 16892 267
16875 16908 11
16884 16929 61
16894 16920 57
16915 16961 246
16930 16980 43
16950 16999 101
16973 17014 132
16989 17015 289
17001 17051 36
17005 17043 55
17032 17069 63
17040 17055 275
17050 17064 182
17080 17122 194
17109 17157 124
17121 17160 73
17132 17159 240
17156 17161 235
17168 17208 2
17178 17204 120
17183 17231 113
17205 17251 252
17223 17237 241
17248 17257 36
17249 17269 45
17267 17312 129
17272 17306 274
17296 17324 238
17296 17300 157
17302 17333 174
17311 17313 120
17314 17324 238
17342 17391 120
17360 17395 257
17361 17366 194
17389 17418 76
17398 17422 114
17401 17426 294
17406 17456 229
17415 17417 88
17419 17450 25
17435 17459 252
17454 17474 188
17460 17493 176
17478 17497 234
17488 17503 233
17512 17538 195
17512 17529 43
17517 17549 70
17538 17576 287
17540 17575 167
17552 17586 260
17560 17568 66
17584 17597 275
17597 17635 38
17609 17634 55
17618 17635 16
17633 17668 96
17636 17647 217
17665 17675 268
17671 17694 210
17700 17721 126
17709 17746 61
17713 17762 19
17728 17745 147
17744 17767 168
17761 17797 109
17781 17831 17
17811 17832 32
17835 17861 228
17836 17871 165
17866 17885 287
17866 17874 265
17880 17890 285
17903 17913 280
17909 17934 176
17936 17958 9
17950 17999 144
17970 18009 33
17981 17992 89
18009 18014 241
18037 18077 267
18046 18094 49
18057 18088 282
18083 18096 1
18093 18130 48
18095 18144 197
18117 18131 246
18125 18163 135
18144 18178 104
18158 18165 180
18170 18217 94
18179 18187 172
18183 18189 219
18213 18244 259
18229 18260 107
18256 18287 142
18272 18314 188
18299 18342 14
18316 18351 133
18319 18337 32
18343 18379 6
18348 18366 241
18369 18398 128
18380 18394 175
18392 18426 51
18395 18405 50
18410 18421 12
18422 18463 226
18442 18474 136
18467 18482 274
18487 18527 278
18507 18534 169
18516 18549 264
18532 18552 144
18559 18598 118
18567 18579 147
18595 18597 138
18622 18671 206
18631 18639 122
18634 18674 200
18635 18676 265
18663 18696 162
18671 18678 297
18685 18702 233
18691 18724 55
18697 18737 213
18717 18767 247
18744 18765 268
18764 18781 44
18785 18795 279
18794 18821 7
18819 18837 107
18848 18882 48
18851 18868 196
18851 18895 36
18858 18874 17
18874 18892 228
18898 18933 51
18922 18954 53
18942 18952 56
18955 18976 285
18959 18995 174
18973 18977 241
18982 19032 276
18995 19042 67
19008 19009 161
19030 19040 255
19047 19079 78
19071 19097 13
19089 19131 36
19095 19118 214
19103 19149 88
19126 19168 180
19138 19179 55
19157 19186 263
19159 19160 31
19173 19216 148
19198 19241 202
19220 19264 109
19250 19253 57
19279 19301 239
19306 19315 134
19307 19341 221
19320 19341 210
19322 19371 119
19329 19345 251
19345 19353 268
19357 19358 237
19376 19403 74
19378 19427 85
19395 19420 66
19398 19404 274
19424 19465 298
19451 19484 82
19475 19502 116
19497 19544 186
19509 19529 122
19521 19548 63
19537 19550 64
19551 19556 120
19575 19611 60
19604 19640 204
19633 19654 222
19643 19670 176
19643 19651 38
19663 19679 12
19679 19723 266
19695 19742 87
19723 19739 266
19745 19783 54
19747 19779 147
19754 19759 55
19777 19810 139
19783 19793 298
19791 19817 111
19812 19815 107
19818 19850 13
19828 19838 8
19834 19881 27
19856 19882 54
19884 19933 298
19907 19949 41
19910 19936 275
19910 19935 238
19923 19953 25
19953 19965 290
19968 19987 31
19991 20040 109
20008 20054 149
20016 20044 47
20021 20045 101
20047 20085 137
20058 20078 48
20061 20084 101
20061 20077 91
20068 20070 192
20071 20109 79
20096 20119 278
20101 20112 48
20119 20126 46
20140 20153 263
20170 20198 35
20185 20205 95
20187 20217 3
20193 20224 83
20208 20247 107
20228 20252 97
20253 20260 164
20267 20303 151
20295 20315 241
20303 20342 241
20312 20334 92
20319 20341 66
20338 20386 206
20356 20360 33
20364 20391 265
20387 20401 233
20408 20452 157
20427 20451 74
20432 20460 215
20449 20499 6
20460 20475 228
20462 20490 56
20488 20519 278
20489 20530 43
20499 20519 225
20528 20541 238
20557 20584 139
20579 20592 232
20584 20609 165
20589 20639 250
20594 20621 132
20609 20649 279
20631 20641 272
20636 20658 96
20639 20685 44
20646 20651 244
20655 20683 283
20657 20699 272
20679 20719 33
20702 20726 269
20719 20727 174
20741 20770 141
20761 20811 293
20786 20833 287
20799 20837 154
20826 20844 226
20856 20863 56
20871 20888 15
20883 20905 30
20886 20902 172
20915 20941 284
20920 20932 83
20937 20939 95
20958 20961 203
20982 21003 28
20983 20985 226
21012 21021 52
21016 21060 261
21026 21067 95
21035 21053 111
21059 21067 166
21067 21114 111
21067 21072 118
21085 21130 233
21098 21130 229
21125 21137 242
21136 21184 38
21149 21154 125
21158 21207 60
21160 21162 220
21185 21201 260
21188 21233 129
21201 21249 168
21202 21246 48
21221 21264 207
21250 21296 265
21263 21291 89
21284 21329 78
21290 21302 121
21311 21360 97
21321 21369 283
21348 21396 122
21374 21393 118
21389 21435 283
21400 21406 98
21418 21427 170
21443 21462 280
21459 21486 158
21488 21489 139
21496 21517 248
21501 21526 238
21516 21531 227
21545 21586 96
21574 21615 207
21584 21612 49
21598 21606 33
21600 21603 134
21605 21606 217
21611 21628 185
21611 21654 15
21617 21625 46
21641 21655 28
21652 21665 44
21663 21694 31
21666 21703 236
21666 21675 44
21681 21688 160
21700 21747 156
21713 21737 7
21714 21754 234
21716 21759 217
21744 21756 243
21756 21787 212
21761 21804 85
21785 21812 55
21804 21832 207
21825 21875 139
21845 21869 152
21859 21879 80
21862 21866 253
21871 21920 219
21896 21932 16
21904 21921 218
21915 21939 179
21938 21953 248
21953 21990 48
21983 22006 299
22009 22058 259
22035 22037 178
22045 22068 77
22049 22053 225
22052 22071 175
22070 22107 187
22097 22099 14
22102 22110 111
22118 22120 91
22135 22182 227
22137 22185 186
22166 22207 240
22170 22176 290
22186 22209 143
22202 22210 252
22213 22262 181
22238 22242 23
22262 22304 241
22271 22295 240
22299 22339 29
22328 22347 59
22354 22375 217
22354 22357 287
22357 22402 141
22386 22396 81
22414 22443 246
22432 22457 271
22443 22492 291
22464 22503 281
22472 22480 200
22489 22494 90
22516 22518 60
22540 22556 139
22560 22596 106
22580 22623 65
22583 22586 265
22586 22592 41
22592 22625 247
22592 22599 22
22616 22624 180
22616 22628 152
22645 22648 220
22667 22704 55
22697 22699 61
22701 22710 204
22716 22750 102
22726 22732 135
22745 22785 253
22762 22786 181
22767 22793 266
22773 22807 218
22800 22845 204
22814 22850 125
22834 22869 57
22859 22876 295
22862 22897 209
22873 22882 110
22881 22931 37
22910 22922 112
22914 22945 118
22933 22939 136
22937 22975 237
22952 22959 20
22961 22993 182
22979 23000 172
22997 23008 291
23007 23026 299
23021 23036 163
23050 23062 242
23077 23122 167
23091 23137 189
23103 23129 53
23103 23121 228
23112 23139 198
23124 23139 242
23138 23161 78
23164 23179 20
23176 23189 217
23194 23200 92
23198 23200 7
23209 23240 16
23239 23256 255
23260 23289 186
23283 23304 145
23307 23335 156
23327 23332 209
23343 23362 114
23369 23377 276
23371 23384 165
23400 23414 174
23420 23454 117
23450 23475 98
23460 23508 233
23465 23508 193
23474 23508 181
23504 23511 45
23506 23550 212
23526 23553 115
23531 23574 70
23543 23592 118
23565 23591 31
23590 23636 242
23617 23649 251
23626 23649 137
23654 23685 209
23672 23717 121
23698 23709 138
23725 23726 93
23747 23760 60
23762 23797 23
23785 23805 142
23799 23824 212
23829 23835 280
23859 23907 214
23883 23893 34
23896 23912 209
23926 23957 43
23955 23981 204
23964 24003 246
23977 23999 284
23990 24022 266
23996 24017 12
24016 24055 135
24040 24081 193
24065 24114 250
24089 24133 27
24089 24126 81
24091 24100 256
24097 24104 56
24098 24140 109
24117 24139 35
24118 24131 184
24145 24165 107
24170 24219 212
24192 24199 51
24201 24247 35
24203 24229 137
24220 24244 213
24225 24229 53
24252 24271 164
24276 24317 142
24298 24337 113
24305 24353 242
24314 24327 81
24340 24346 248
24359 24397 33
24381 24417 233
24387 24411 223
24398 24429 181
24420 24426 19
24423 24469 131
24440 24449 190
24463 24471 186
24474 24519 146
24502 24508 282
24532 24565 88
24533 24551 21
24537 24557 248
24566 24614 274
24585 24607 295
24592 24606 150
24596 24604 53
24613 24642 251
24624 24647 273
24628 24673 120
24647 24687 138
24669 24717 4
24678 24716 253
24680 24716 125
24689 24702 209
24698 24735 230
24701 24705 258
24728 24729 79
24737 24756 234
24759 24802 296
24772 24800 16
24776 24799 13
24793 24830 285
24823 24865 190
24847 24897 80
24852 24855 76
24880 24916 282
24891 24921 11
24916 24943 68
24917 24941 147
24935 24946 18
24936 24961 95
24938 24955 89
24949 24961 100
24973 25002 284
24989 24991 102
25008 25043 179
25031 25074 134
25036 25044 129
25059 25063 85
25061 25082 8
25084 25132 286
25102 25134 74
25122 25145 138
25148 25184 251
25176 25180 142
25180 25211 230
25189 25235 224
25201 25218 103
25218 25267 261
25247 25297 269
25271 25286 18
25291 25317 84
25321 25363 157
25322 25359 259
25327 25355 245
25335 25343 9
25341 25371 201
25358 25369 194
25372 25404 225
25393 25441 103
25412 25433 233
25429 25468 104
25445 25457 15
25472 25516 82
25488 25534 253
25494 25498 122
25503 25517 51
25527 25567 187
25553 25559 169
25554 25577 78
25571 25580 16
25589 25616 195
25594 25624 274
25597 25622 266
25601 25614 92
25605 25650 111
25623 25652 185
25638 25660 199
25641 25686 112
25666 25694 151
25668 25672 93
25677 25688 23
25694 25717 3
25709 25738 2
25726 25733 137
25731 25780 150
25732 25739 265
25748 25766 260
25754 25788 138
25777 25785 75
25791 25793 194
25801 25841 267
25810 25827 244
25831 25842 180
25839 25867 217
25869 25892 72
25871 25917 186
25893 25941 202
25918 25951 281
25930 25936 167
25931 25958 92
25942 25946 218
25948 25998 139
25968 25973 292
25969 26000 4
25975 26007 234
25978 26011 5
26008 26058 158
26026 26046 218
26038 26044 274
26058 26101 276
26062 26093 197
26063 26107 78
26068 26099 159
26076 26101 66
26088 26114 138
26098 26128 169
26108 26148 209
26110 26136 111
26137 26149 54
26147 26167 247
26157 26207 231
26176 26218 137
26201 26210 175
26221 26224 132
26225 26260 9
26240 26266 81
26257 26293 228
26275 26323 40
26290 26302 284
26297 26301 237
26305 26312 105
26305 26338 170
26319 26360 13
26336 26371 73
26350 26382 246
26371 26403 151
26401 26421 47
26420 26440 247
26422 26459 211
26448 26457 231
26448 26453 92
26467 26474 131
26485 26494 219
26489 26534 116
26509 26559 234
26525 26531 67
26526 26576 299
26547 26551 19
26550 26572 237
26560 26589 149
26589 26593 243
26597 26602 236
26600 26624 223
26625 26660 210
26642 26644 162
26656 26685 105
26677 26693 27
26689 26695 7
26694 26707 253
26719 26741 204
26731 26769 161
26739 26767 38
26764 26812 61
26794 26826 223
26812 26857 70
26842 26873 119
26842 26864 76
26872 26914 15
26876 26894 200
26902 26918 69
26914 26918 107
26936 26941 285
26942 26975 43
26965 26975 51
26978 27004 12
27006 27037 256
27024 27049 192
27025 27041 73
27043 27046 103
27056 27086 90
27059 27081 221
27087 27103 88
27110 27113 34
27111 27141 236
27126 27133 160
27140 27180 126
27155 27185 86
27162 27164 289
27162 27207 100
27171 27177 113
27199 27214 169
27220 27259 292
27245 27257 240
27260 27304 279
27271 27287 165
27294 27316 250
27294 27338 226
27314 27327 213
27339 27343 43
27358 27362 267
27379 27415 120
27399 27446 41
27404 27429 287
27420 27433 136
27441 27490 234
27466 27504 237
27483 27486 180
27497 27545 22
27522 27524 249
27526 27554 158
27554 27560 119
27558 27566 207
27573 27619 250
27586 27607 225
27594 27632 85
27613 27614 281
27626 27646 33
27632 27651 145
27635 27674 264
27652 27684 289
27675 27697 31
27675 27704 161
27680 27682 105
27685 27710 105
27698 27700 184
27715 27718 224
27726 27754 68
27742 27792 171
27751 27774 189
27770 27796 279
27776 27779 174
27781 27802 143
27805 27806 225
27808 27817 297
27820 27868 124
27826 27844 230
27836 27869 102
27863 27894 150
27867 27871 27
27868 27886 300
27878 27915 277
27889 27899 1
27910 27926 33
27922 27948 242
27922 27971 269
27925 27931 166
27950 27981 169
27978 27980 298
28004 28044 67
28034 28053 88
28049 28084 222
28070 28083 129
28096 28116 153
28100 28135 290
28110 28143 210
28110 28137 33
28125 28139 32
28150 28176 191
28172 28207 214
28184 28196 33
28210 28240 128
28212 28247 35
28236 28243 251
28239 28273 190
28264 28290 72
28276 28287 121
28277 28319 64
28286 28301 213
28291 28295 121
28304 28318 51
28324 28357 38
28341 28374 148
28368 28377 143
28376 28412 97
28389 28426 68
28402 28446 266
28425 28472 58
28445 28492 138
28452 28465 138
28477 28494 166
28491 28503 126
28506 28532 176
28535 28565 148
28563 28587 78
28564 28600 93
28571 28591 97
28579 28585 192
28609 28620 158
28617 28649 99
28642 28646 254
28643 28681 265
28663 28711 140
28667 28704 220
28683 28727 128
28689 28718 107
28694 28735 215
28712 28727 52
28714 28749 120
28731 28769 148
28740 28788 290
28752 28795 277
28761 28764 156
28763 28792 28
28769 28784 265
28783 28810 74
28792 28831 62
28821 28858 236
28835 28872 136
28840 28867 271
28847 28860 115
28852 28894 77
28856 28901 237
28881 28904 295
28897 28903 297
28897 28932 51
28902 28950 249
28928 28967 158
28951 28991 270
28953 28971 55
28972 29011 145
28981 29031 45
28989 29032 225
29014 29055 182
29030 29079 175
29048 29062 65
29061 29073 14
29086 29092 128
29093 29098 65
29093 29115 234
29107 29141 248
29108 29116 61
29136 29159 289
29162 29165 179
29165 29176 246
29178 29203 154
29195 29230 268
29216 29226 152
29243 29272 138
29263 29294 150
29286 29314 62
29311 29320 93
29337 29376 107
29342 29363 168
29360 29361 74
29377 29422 221
29400 29408 296
29401 29443 74
29422 29426 296
29432 29436 77
29449 29476 204
29465 29468 214
29486 29496 100
29488 29496 217
29498 29500 165
29511 29512 166
29533 29540 276
29539 29569 270
29567 29606 198
29586 29627 283
29613 29636 205
29635 29648 164
29639 29640 83
29647 29663 24
29663 29695 114
29687 29705 184
29696 29732 227
29712 29713 281
29718 29767 227
29740 29770 206
29742 29751 27
29768 29802 246
29795 29834 33
29822 29870 59
29822 29823 79
29841 29847 105
29857 29879 37
29882 29893 223
29900 29944 114
29913 29962 194
29937 29970 176
29953 29998 6
29953 29967 111
29978 30006 244
29982 29996 171
29983 30017 176
29987 30012 214
30002 30007 199
30013 30049 263
30014 30025 261
30039 30051 205
30053 30058 130
30077 30100 166
30088 30111 216
30110 30120 162
30130 30153 93
30160 30166 296
30181 30230 111
30209 30247 159
30210 30215 244
30221 30241 43
30239 30266 78
30260 30297 197
30260 30271 56
30269 30314 37
30294 30305 13
30320 30370 81
30324 30364 173
30331 30370 183
30348 30359 263
30354 30396 262
30365 30400 86
30369 30409 23
30379 30398 7
30389 30436 267
30402 30424 189
30413 30443 1
30414 30424 240
30425 30455 229
30431 30474 268
30458 30486 240
30468 30516 74
30481 30498 100
30499 30508 288
30513 30530 39
30517 30548 244
30524 30572 234
30535 30564 193
30553 30598 28
30573 30611 144
30578 30609 74
30608 30630 127
30619 30649 117
30629 30666 113
30653 30697 35
30664 30712 65
30666 30674 269
30679 30727 206
30700 30706 232
30724 30725 33
30730 30742 217
30738 30776 55
30761 30770 267
30767 30811 273
30778 30806 194
30778 30816 112
30789 30825 41
30810 30843 75
30817 30862 163
30844 30875 202
30860 30908 156
30885 30895 299
30911 30932 85
30928 30942 20
30947 30983 261
30959 30965 21
30979 30992 223
30985 31012 27
30994 31038 164
31002 31012 74
31017 31060 112
31036 31051 83
31051 31065 32
31054 31057 87
31076 31110 176
31083 31090 138
31089 31092 99
31109 31116 281
31139 31149 61
31148 31196 21
31152 31184 124
31177 31198 2
31196 31201 125
31225 31245 251
31238 31251 206
31241 31276 190
31246 31271 225
31263 31287 187
31284 31322 69
31312 31315 276
31330 31342 52
31346 31376 105
31372 31383 289
31379 31427 238
31398 31419 144
31427 31473 88
31440 31453 154
31448 31452 163
31460 31493 34
31488 31518 243
31515 31540 271
31527 31568 234
31544 31547 21
31563 31608 199
31566 31597 125
31569 31594 134
31580 31598 60
31596 31600 165
31614 31616 83
31640 31678 48
31648 31655 235
31651 31695 206
31673 31714 216
31703 31752 3
31704 31723 150
31719 31768 116
31740 31786 155
31752 31783 110
31780 31784 273
31781 31801 188
31791 31799 53
31817 31834 294
31845 31878 142
31849 31867 79
31861 31896 170
31887 31924 29
31908 31952 36
31925 31927 211
31945 31961 27
31971 31995 97
31996 31999 71
32008 32031 42
32013 32047 43
32022 32046 269
32024 32050 268
32036 32050 299
32059 32094 213
32081 32104 180
32104 32120 212
32131 32152 39
32138 32161 65
32167 32195 77
32183 32220 212
32189 32196 133
32195 32200 85
32223 32255 92
32223 32241 300
32224 32246 41
32229 32251 88
32240 32263 43
32244 32263 168
32249 32281 12
32261 32307 243
32286 32307 115
32308 32321 201
32327 32353 136
32331 32377 298
32357 32375 55
32378 32411 100
32402 32429 243
32413 32447 242
32436 32480 125
32447 32483 265
32458 32484 154
32471 32481 228
32485 32502 300
32514 32517 232
32544 32588 93
32557 32559 150
32585 32600 63
32597 32602 239
32602 32642 123
32609 32644 52
32612 32657 72
32637 32686 77
32666 32690 89
32685 32686 132
32701 32708 206
32723 32749 100
32738 32754 113
32766 32782 66
32789 32809 114
32790 32798 145
32796 32822 12
32812 32842 181
32826 32830 282
32845 32867 201
32872 32905 98
32879 32910 100
32907 32924 261
32932 32935 263
32947 32982 153
32973 32982 221
32992 33005 228
33022 33065 223
33025 33074 46
33037 33087 56
33063 33102 165
33093 33139 31
33105 33136 61
33113 33149 280
33122 33155 203
33129 33144 80
33159 33193 131
33185 33218 242
33205 33249 256
33205 33253 48
33216 33219 278
33216 33260 150
33240 33270 18
33255 33291 256
33273 33318 199
33296 33337 96
33300 33319 84
33303 33309 166
33310 33314 27
33331 33352 209
33342 33352 179
33371 33373 77
33393 33397 45
33413 33432 191
33443 33463 273
33456 33482 298
33479 33516 299
33489 33517 145
33494 33497 74
33511 33547 43
33519 33538 257
33546 33580 1
33552 33558 67
33569 33586 174
33576 33612 34
33591 33622 86
33617 33630 294
33641 33667 192
33668 33715 33
33696 33726 295
33712 33716 257
33739 33753 126
33759 33808 146
33764 33813 80
33779 33799 154
33802 33845 187
33802 33830 212
33825 33851 46
33841 33852 159
33853 33895 10
33866 33896 17
33883 33898 111
33898 33918 268
33904 33916 91
33933 33956 22
33957 33961 195
33967 33991 88
33992 34033 69
34018 34039 284
34034 34076 197
34059 34085 75
34066 34071 209
34089 34130 58
34111 34158 119
34128 34160 52
34153 34164 52
34172 34174 259
34201 34222 111
34210 34211 54
34224 34244 278
34239 34245 164
34258 34297 84
34286 34299 256
34316 34337 119
34338 34371 86
34338 34339 197
34361 34395 66
34362 34401 214
34373 34413 219
34390 34401 55
34396 34430 219
34405 34455 87
34425 34472 148
34427 34445 105
34450 34476 234
34452 34495 29
34475 34514 160
34503 34538 66
34532 34571 172
34552 34587 181
34555 34597 279
34560 34609 37
34586 34623 182
34589 34609 136
34593 34606 267
34610 34647 255
34611 34624 166
34618 34634 248
34632 34679 172
34642 34689 257
34662 34704 55
34684 34730 104
34693 34725 185
34718 34738 228
34746 34762 46
34773 34786 109
34798 34822 205
34825 34848 87
34851 34890 35
34863 34898 168
34892 34899 66
34898 34935 194
34912 34940 113
34912 34930 182
34940 34946 217
34965 35005 26
34989 35003 276
35012 35030 203
35035 35078 164
35061 35111 28
35083 35130 172
35096 35133 70
35123 35150 230
35125 35156 99
35149 35166 129
35170 35188 118
35183 35199 179
35196 35213 227
35209 35249 239
35227 35230 261
35229 35279 165
35244 35249 9
35263 35293 290
35277 35278 225
35303 35309 48
35307 35356 85
35310 35359 245
35324 35363 68
35341 35369 255
35347 35380 241
35359 35394 7
35362 35374 196
35382 35383 14
35393 35421 139
35415 35436 56
35432 35481 151
35454 35498 143
35463 35480 38
35475 35511 26
35479 35500 203
35488 35499 276
35517 35529 137
35518 35538 171
35529 35542 184
35558 35606 105
35561 35587 267
35569 35581 107
35594 35632 240
35604 35616 208
35607 35608 153
35624 35669 191
35647 35683 253
35666 35698 288
35695 35739 246
35715 35733 67
35737 35757 94
35744 35752 140
35747 35797 242
35762 35797 245
35789 35832 57
35790 35827 208
35798 35830 72
35805 35812 99
35826 35864 126
35834 35867 264
35856 35906 74
35880 35924 52
35891 35895 83
35895 35900 80
35917 35957 197
35929 35969 65
35934 35938 228
35949 35952 226
35965 35983 211
35966 35987 181
35978 36014 64
35998 36020 16
36004 36042 209
36013 36016 206
36041 36089 4
36058 36102 35
36075 36109 84
36100 36139 10
36119 36153 153
36136 36144 56
36158 36174 250
36181 36209 291
36205 36254 187
36232 36281 116
36232 36254 210
36252 36287 254
36255 36271 96
36268 36304 39
36277 36299 267
36299 36338 257
36325 36359 238
36333 36375 223
36351 36389 68
36368 36370 41
36389 36392 124
36414 36415 83
36428 36458 210
36433 36472 253
36446 36493 272
36459 36480 214
36476 36495 4
36494 36514 51
36513 36547 232
36517 36564 98
36526 36559 59
36528 36568 69
36539 36567 49
36566 36609 299
36592 36638 276
36593 36608 17
36609 36616 118
36613 36662 139
36618 36658 6
36641 36652 123
36658 36666 233
36680 36690 251
36710 36736 61
36736 36785 256
36765 36787 291
36771 36793 283
36778 36803 129
36790 36812 10
36793 36831 96
36798 36801 291
36824 36853 213
36825 36847 132
36850 36852 144
36873 36915 133
36883 36890 114
36885 36909 168
36914 36938 59
36922 36954 3
36931 36975 93
36940 36963 44
36970 37018 142
36988 37036 280
37011 37045 277
37024 37056 216
37043 37054 158
37058 37062 220
37076 37122 246
37078 37116 136
37080 37082 87
37095 37105 277
37125 37142 111
37132 37181 136
37156 37181 136
37158 37168 33
37170 37197 284
37189 37227 42
37190 37194 13
37192 37237 135
37203 37223 264
37204 37217 136
37208 37241 220
37218 37233 4
37222 37245 287
37237 37250 53
37264 37285 221
37273 37291 28
37300 37335 34
37330 37377 149
37345 37347 23
37364 37366 267
37378 37424 149
37408 37448 20
37419 37463 270
37427 37476 93
37427 37443 51
37445 37485 183
37462 37503 232
37466 37491 296
37476 37487 129
37505 37519 13
37510 37553 93
37520 37545 34
37546 37552 50
37557 37575 183
37566 37602 292
37589 37622 151
37589 37612 284
37597 37601 196
37608 37649 148
37620 37621 1
37620 37662 12
37640 37661 23
37653 37664 125
37668 37695 149
37686 37733 162
37708 37720 122
37730 37733 282
37741 37742 173
37770 37809 14
37796 37826 95
37810 37828 122
37816 37862 257
37844 37879 258
37874 37891 75
37883 37896 186
37909 37936 202
37920 37943 96
37946 37960 70
37953 37975 44
37980 37990 209
38000 38040 119
38025 38046 266
38049 38085 286
38071 38075 109
38082 38109 227
38110 38135 241
38128 38166 173
38141 38150 152
38148 38197 249
38164 38171 192
38175 38202 288
38180 38208 88
38205 38232 51
38218 38220 23
38239 38262 74
38263 38304 115
38283 38302 187
38286 38295 25
38312 38341 168
38335 38368 222
38347 38349 95
38351 38385 174
38356 38370 13
38379 38402 85
38393 38404 77
38404 38411 72
38411 38424 160
38435 38447 17
38463 38507 197
38485 38487 192
38493 38541 40
38521 38523 241
38550 38592 256
38565 38569 290
38590 38605 30
38603 38634 127
38613 38659 102
38634 38644 226
38649 38689 174
38671 38695 147
38699 38737 156
38711 38713 154
38722 38739 139
38743 38791 138
38760 38790 105
38786 38798 74
38808 38812 77
38811 38834 121
38838 38883 217
38839 38867 274
38867 38877 240
38891 38894 97
38909 38919 181
38910 38927 79
38925 38935 180
38938 38983 29
38962 38982 20
38970 38988 282
38978 38999 190
38999 39000 224
39012 39059 134
39012 39046 234
39014 39060 283
39019 39040 171
39049 39089 257
39063 39072 153
39082 39105 248
39110 39128 186
39134 39178 45
39154 39168 166
39177 39222 23
39197 39209 152
39209 39248 212
39238 39276 9
39259 39284 143
39259 39291 206
39265 39295 108
39292 39319 211
39292 39311 287
39294 39299 94
39322 39344 285
39329 39378 162
39348 39378 92
39373 39400 298
39399 39426 234
39407 39447 97
39414 39459 179
39428 39470 94
39455 39504 12
39472 39488 269
39497 39527 289
39500 39501 153
39501 39531 198
39528 39555 108
39544 39548 157
39553 39554 119
39553 39583 122
39566 39609 246
39575 39625 226
39591 39613 226
39599 39648 282
39608 39620 6
39608 39627 97
39621 39652 218
39630 39647 149
39660 39671 146
39671 39718 7
39694 39695 180
39704 39722 106
39726 39732 112
39756 39804 271
39760 39775 252
39764 39793 213
39794 39798 34
39794 39828 266
39811 39835 195
39817 39863 123
39842 39853 223
39862 39881 209
39865 39870 250
39865 39874 24
39865 39891 158
39868 39880 274
39882 39910 125
39901 39903 210
39929 39932 285
39952 40002 146
39967 39978 115
39976 39990 45
39981 39982 276
39998 40038 273
40014 40031 255
40026 40058 206
40031 40067 29
40039 40076 166
40058 40101 28
40088 40116 170
40088 40094 74
40106 40148 228
40119 40148 146
40149 40188 275
40156 40172 101
40178 40181 259
40196 40221 173
40203 40205 50
40207 40208 172
40235 40237 237
40264 40293 217
40276 40294 17
40294 40315 259
40303 40334 204
40313 40327 170
40322 40326 199
40341 40364 225
40367 40404 74
40393 40428 243
40423 40428 183
40441 40446 196
40443 40482 101
40462 40504 96
40484 40495 192
40513 40535 1
40535 40553 215
40546 40569 81
40564 40591 160
40569 40584 40
40583 40619 189
40608 40626 165
40628 40659 210
40653 40675 202
40663 40705 136
40671 40692 110
40697 40745 209
40716 40763 258
40719 40732 244
40741 40767 146
40745 40751 295
40754 40785 251
40772 40818 79
40789 40816 63
40809 40855 233
40817 40853 205
40839 40858 90
40846 40873 97
40869 40903 188
40874 40899 270
40885 40935 137
40904 40913 271
40917 40943 230
40925 40926 33
40955 40972 7
40969 40995 178
40986 41012 240
41003 41004 239
41010 41016 62
41034 41063 62
41052 41082 215
41069 41089 14
41094 41121 246
41100 41141 54
41124 41169 36
41142 41159 270
41149 41153 98
41168 41211 67
41180 41209 198
41188 41197 210
41203 41219 285
41217 41233 232
41241 41280 223
41252 41292 283
41267 41293 142
41291 41332 203
41295 41343 36
41302 41327 202
41303 41349 63
41310 41340 257
41328 41345 7
41336 41354 263
41337 41356 267
41340 41343 85
41364 41376 198
41375 41392 61
41375 41422 99
41392 41410 212
41399 41425 183
41417 41423 208
41430 41453 97
41444 41475 262
41453 41476 272
41459 41476 211
41478 41482 246
41498 41547 277
41510 41551 212
41539 41553 107
41540 41542 30
41555 41575 155
41571 41579 108
41582 41587 256
41587 41637 100
41614 41651 83
41644 41663 112
41654 41657 38
41683 41709 122
41702 41723 165
41709 41733 150
41722 41752 30
41733 41755 260
41752 41777 82
41766 41796 146
41783 41825 234
41812 41852 233
41822 41824 270
41835 41846 241
41839 41881 278
41845 41871 137
41868 41906 168
41873 41886 150
41886 41926 65
41891 41916 75
41900 41907 146
41915 41964 30
41943 41969 79
41971 41998 191
41990 42030 63
41997 42013 35
42012 42058 222
42017 42035 158
42039 42070 273
42062 42089 196
42070 42102 63
42072 42094 261
42078 42127 264
42103 42141 30
42127 42128 270
42149 42165 261
42179 42196 154
42200 42232 28
42230 42251 226
42242 42260 118
42260 42288 295
42266 42286 203
42274 42307 174
42283 42297 127
42286 42301 33
42286 42320 86
42300 42338 30
42325 42338 168
42327 42337 288
42331 42349 137
42343 42361 251
42347 42377 58
42374 42408 125
42401 42436 27
42431 42462 77
42440 42478 36
42465 42471 255
42478 42514 95
42506 42517 78
42506 42538 201
42510 42545 279
42528 42537 163
42552 42596 158
42562 42576 249
42587 42636 300
42596 42618 245
42602 42615 117
42611 42640 4
42634 42660 9
42641 42664 263
42645 42662 243
42664 42694 217
42689 42693 100
42719 42759 254
42747 42785 245
42770 42796 282
42773 42781 42
42803 42826 25
42830 42870 240
42850 42859 189
42863 42892 101
42891 42895 25
42919 42941 202
42949 42962 234
42960 43010 7
42962 42979 10
42991 43004 114
43002 43026 113
43026 43053 26
43046 43086 64
43055 43069 292
43068 43069 59
43088 43097 68
43093 43138 176
43102 43127 53
43118 43163 125
43142 43166 130
43146 43179 108
43172 43198 141
43180 43205 148
43187 43217 3
43199 43248 253
43222 43259 202
43222 43232 96
43227 43252 63
43231 43246 277
43234 43263 74
43247 43250 29
43265 43298 57
43280 43285 74
43280 43305 235
43281 43295 257
43298 43307 124
43299 43332 79
43320 43363 36
43325 43339 237
43327 43367 281
43356 43370 294
43386 43407 282
43414 43461 52
43442 43491 204
43443 43474 90
43467 43500 165
43493 43498 296
43495 43529 101
43498 43544 193
43524 43529 290
43551 43568 94
43563 43594 61
43565 43604 136
43581 43589 63
43583 43584 205
43611 43647 106
43641 43674 124
43657 43675 196
43666 43691 276
43675 43688 242
43687 43702 144
43687 43717 136
43711 43750 38
43724 43745 90
43729 43770 48
43742 43769 117
43767 43810 275
43774 43792 8
43775 43787 18
43787 43817 93
43805 43816 232
43832 43839 226
43837 43855 165
43855 43901 280
43866 43871 69
43876 43899 242
43900 43942 200
43929 43967 261
43959 43998 17
43982 44020 170
44012 44018 213
44013 44036 198
44031 44037 164
44048 44093 110
44056 44090 161
44056 44071 217
44057 44060 36
44066 44082 44
44086 44092 291
44091 44136 109
44098 44146 65
44118 44137 122
44134 44152 58
44164 44207 75
44186 44218 200
44193 44234 155
44216 44243 68
44245 44247 258
44267 44288 169
44267 44315 124
44278 44306 258
44292 44293 222
44308 44333 4
44336 44374 202
44350 44358 177
44373 44404 296
44393 44404 160
44398 44439 35
44428 44450 232
44428 44471 259
44438 44453 46
44438 44461 196
44443 44475 187
44468 44506 22
44496 44545 191
44523 44539 255
44523 44541 289
44524 44527 159
44526 44539 190
44532 44539 163
44549 44550 261
44558 44608 82
44558 44591 280
44585 44612 74
44593 44635 287
44610 44649 172
44640 44645 166
44667 44670 180
44689 44734 199
44701 44711 44
44725 44772 204
44734 44773 250
44744 44753 229
44754 44796 225
44780 44784 276
44791 44808 128
44803 44852 160
44803 44835 168
44813 44830 113
44815 44819 222
44826 44861 244
44834 44852 22
44855 44895 111
44877 44915 207
44901 44936 300
44910 44912 208
44931 44968 250
44946 44993 43
44971 44975 232
44997 45041 4
45008 45010 62
45016 45031 199
45041 45080 166
45062 45106 173
45068 45092 224
45095 45105 117
45117 45149 18
45142 45172 185
45144 45145 72
45169 45209 224
45193 45219 34
45200 45210 4
45202 45213 266
45207 45217 231
45231 45281 140
45259 45281 79
45285 45299 110
45305 45319 162
45331 45380 56
45337 45376 110
45339 45383 133
45348 45349 232
45360 45392 39
45378 45423 21
45391 45433 215
45401 45435 173
45418 45428 167
45426 45443 64
45440 45450 91
45455 45482 56
45465 45479 269
45470 45520 88
45481 45487 226
45503 45523 127
45509 45547 258
45537 45587 144
45552 45557 47
45581 45630 161
45591 45607 13
45603 45622 250
45615 45661 199
45639 45688 55
45657 45678 191
45676 45683 253
45700 45725 212
45721 45771 121
45737 45750 206
45742 45782 275
45764 45775 66
45776 45824 219
45789 45839 31
45802 45824 53
45811 45820 112
45822 45854 191
45840 45860 139
45857 45867 197
45880 45911 287
45895 45936 256
45898 45908 167
45908 45953 218
45924 45942 7
45940 45963 210
45950 45997 106
45977 46009 99
46000 46019 59
46005 46055 176
46019 46048 166
46042 46049 237
46069 46106 14
46082 46084 80
46082 46130 110
46096 46142 64
46109 46154 241
46123 46134 174
46128 46178 249
46139 46166 6
46163 46182 2
46169 46206 209
46173 46195 207
46188 46237 231
46196 46224 248
46205 46213 1
46205 46216 20
46213 46246 198
46221 46248 165
46244 46261 97
46274 46293 243
46299 46327 142
46305 46354 207
46323 46328 76
46332 46378 85
46356 46367 290
46383 46428 30
46402 46419 6
46426 46433 72
46449 46452 85
46452 46462 190
46454 46474 286
46483 46492 266
46498 46544 237
46518 46520 20
46538 46581 221
46562 46612 116
46587 46615 93
46615 46628 91
46626 46655 94
46648 46694 241
46666 46670 8
46692 46731 193
46696 46717 187
46720 46724 9
46746 46764 4
46770 46807 234
46785 46832 247
46800 46822 224
46820 46866 290
46824 46868 73
46825 46837 291
46852 46881 187
46866 46868 291
46874 46902 169
46901 46906 47
46910 46937 296
46920 46934 114
46932 46937 147
46934 46976 169
46957 46968 23
46958 46983 249
46963 46988 36
46982 47029 286
47003 47049 111
47022 47065 41
47031 47061 289
47033 47048 261
47058 47096 120
47064 47072 139
47083 47099 85
47089 47132 81
47113 47124 236
47123 47163 7
47145 47164 91
47166 47202 79
47171 47183 40
47178 47180 13
47203 47232 28
47209 47249 64
47231 47234 68
47256 47281 59
47284 47322 83
47308 47346 19
47317 47333 193
47326 47358 180
47332 47370 184
47345 47373 171
47374 47387 210
47374 47387 13
47389 47426 297
47411 47414 295
47430 47449 209
47454 47479 133
47456 47483 159
47458 47459 237
47477 47478 149
47505 47507 292
47507 47543 108
47525 47549 175
47549 47551 245
47575 47624 101
47585 47591 276
47587 47612 150
47614 47615 162
47633 47677 196
47635 47679 31
47642 47690 247
47663 47678 253
47685 47727 283
47697 47733 141
47725 47739 220
47730 47742 30
47746 47759 89
47755 47786 263
47777 47798 29
47800 47817 66
47820 47827 13
47825 47833 168
47847 47862 132
47851 47895 131
47863 47877 46
47869 47892 256
47889 47924 163
47906 47946 35
47909 47950 211
47918 47937 146
47922 47960 130
47951 47991 120
47957 47987 170
47968 47970 190
47982 48017 94
47986 48035 284
48016 48046 33
48045 48070 50
48059 48109 9
48078 48127 241
48085 48130 224
48088 48105 71
48117 48124 249
48143 48165 74
48165 48178 89
48190 48233 276
48195 48240 42
48214 48256 49
48244 48276 106
48268 48317 276
48281 48329 244
48294 48318 226
48316 48342 296
48339 48368 33
48365 48377 187
48368 48413 135
48387 48414 61
48391 48402 196
48420 48461 223
48423 48431 190
48446 48488 116
48466 48487 37
48488 48525 129
48510 48560 55
48524 48564 39
48548 48584 3
48568 48579 95
48593 48636 89
48620 48664 89
48642 48676 276
48664 48705 143
48679 48710 62
48703 48721 226
48717 48736 78
48731 48758 258
48749 48794 237
48756 48765 299
48771 48811 161
48789 48829 232
48797 48847 89
48797 48844 255
48813 48852 9
48815 48851 202
48844 48860 296
48860 48878 207
48885 48891 48
48885 48902 300
48887 48905 64
48911 48948 268
48915 48948 67
48931 48960 276
48939 48964 249
48939 48962 175
48968 49007 291
48989 49031 250
48993 49006 293
49021 49067 93
49041 49090 83
49063 49107 199
49076 49111 174
49092 49120 173
49117 49126 283
49126 49164 11
49155 49172 164
49181 49208 49
49201 49241 65
49206 49256 34
49236 49239 53
49264 49300 53
49282 49304 47
49306 49346 41
49333 49353 40
49334 49345 83
49358 49380 131
49363 49371 84
49373 49397 8
49392 49396 129
49418 49468 54
49419 49452 195
49427 49452 286
49439 49448 300
49458 49464 69
49473 49491 257
49493 49495 192
49494 49528 182
49514 49521 207
49526 49571 100
49530 49576 293
49555 49594 224
49555 49563 101
49580 49613 92
49585 49628 37
49589 49637 68
49590 49627 263
49601 49637 15
49621 49627 200
49642 49646 33
49644 49662 273
49654 49685 84
49654 49673 109
49676 49687 272
49693 49698 282
49708 49750 126
49736 49765 251
49749 49781 280
49772 49779 1
49795 49802 233
49795 49797 82
49825 49840 17
49835 49842 115
49850 49897 180
49854 49866 41
49855 49876 175
49874 49876 98
49902 49943 220
49904 49942 251
49926 49934 191
49949 49972 13
49953 49970 294
49970 50007 259
49982 49989 13
49995 50045 99
50008 50021 81
50022 50029 16
50043 50057 93
50043 50050 203
50065 50103 245
50071 50083 137
50083 50096 169
50095 50143 279
50110 50116 14
50118 50152 187
50148 50191 96
50163 50179 160
50190 50214 68
50212 50224 252
50224 50261 212
50238 50271 137
50262 50306 12
50286 50303 44
50299 50330 78
50324 50336 52
50351 50389 98
50379 50407 95
50400 50420 228
50422 50462 105
50442 50487 177
50449 50489 277
50476 50498 194
50504 50545 99
50515 50532 126
50528 50559 132
50547 50590 120
50570 50579 37
50574 50618 274
50593 50636 74
50609 50644 224
50610 50636 146
50634 50661 191
50657 50698 206
50664 50681 9
50667 50678 167
50690 50734 184
50695 50701 246
50706 50736 268
50713 50733 285
50739 50770 192
50758 50773 124
50770 50784 83
50788 50817 217
50795 50823 271
50812 50860 125
50828 50847 256
50849 50861 60
50871 50901 104
50883 50884 8
50889 50938 17
50893 50935 231
50907 50912 78
50921 50933 278
50939 50969 214
50955 50985 95
50980 51027 109
50982 50998 295
51010 51011 181
51030 51068 28
51054 51063 189
51075 51089 130
51086 51120 22
51088 51136 241
51091 51097 152
51116 51129 20
51121 51158 67
51142 51168 121
51159 51202 125
51166 51169 31
51194 51209 281
51213 51250 114
51213 51249 169
51232 51272 68
51247 51278 194
51257 51266 83
51268 51296 47
51279 51315 87
51290 51339 180
51303 51307 221
51311 51315 196
51327 51352 280
51342 51362 211
51364 51405 144
51380 51388 173
51380 51406 234
51380 51400 264
51385 51415 102
51400 51418 195
51402 51416 8
51416 51428 145
51432 51454 277
51456 51491 57
51470 51518 99
51475 51525 31
51493 51538 41
51515 51533 231
51515 51559 91
51516 51562 264
51542 51586 160
51563 51572 195
51591 51639 29
51614 51616 170
51636 51651 107
51642 51672 294
51666 51699 76
51691 51694 109
51715 51720 171
51727 51751 238
51751 51773 107
51767 51789 7
51785 51822 165
51792 51829 269
51803 51811 30
51832 51836 142
51861 51882 252
51879 51910 76
51902 51937 300
51918 51928 117
51922 51956 192
51948 51976 272
51970 51990 233
51970 51995 265
51986 52000 190
52007 52041 279
52030 52054 127
52030 52073 217
52043 52088 282
52071 52119 18
52101 52137 32
52118 52163 151
52121 52146 85
52127 52165 89
52148 52177 226
52176 52214 164
52185 52186 197
52196 52199 192
52199 52232 248
52225 52228 56
52239 52286 104
52267 52315 129
52272 52295 1
52295 52317 195
52297 52311 150
52325 52341 264
52346 52391 253
52356 52368 214
52357 52381 277
52379 52415 274
52379 52424 279
52398 52415 88
52410 52453 288
52420 52433 224
52425 52445 21
52444 52450 30
52461 52510 126
52466 52506 89
52475 52493 240
52480 52526 184
52500 52533 295
52530 52543 97
52547 52597 222
52549 52557 249
52571 52577 261
52596 52630 60
52614 52658 156
52635 52654 155
52650 52673 153
52679 52682 88
52700 52733 165
52700 52703 4
52700 52726 235
52700 52717 37
52715 52725 32
52743 52744 16
52768 52805 81
52794 52795 17
52794 52823 103
52808 52852 290
52808 52818 117
52827 52840 110
52853 52870 283
52868 52918 156
52870 52895 246
52873 52882 185
52892 52904 82
52915 52939 300
52920 52948 9
52931 52979 215
52937 52968 234
52947 52990 11
52974 53004 26
52985 53008 49
52986 53004 177
52986 53027 215
53007 53054 86
53023 53039 187
53023 53030 188
53042 53065 86
53072 53117 252
53090 53129 269
53116 53146 210
53137 53153 5
53157 53178 55
53173 53204 5
53184 53211 177
53191 53207 34
53212 53258 288
53216 53237 184
53222 53252 122
53245 53246 123
53245 53268 123
53263 53267 195
53273 53281 290
53282 53310 218
53306 53333 289
53336 53356 140
53338 53346 195
53359 53365 217
53377 53391 147
53401 53443 176
53410 53411 90
53412 53460 95
53435 53464 271
53435 53437 154
53460 53473 268
53488 53522 79
53497 53530 237
53512 53514 264
53527 53553 203
53548 53579 138
53564 53589 144
53583 53605 131
53587 53630 47
53613 53647 293
53615 53632 9
53645 53667 90
53667 53684 187
53685 53731 143
53714 53730 170
53735 53746 84
53736 53767 128
53746 53776 287
53772 53790 74
53799 53845 17
53808 53851 268
53822 53866 13
53835 53873 258
53847 53855 202
53861 53894 270
53864 53875 142
53885 53925 6
53910 53957 114
53928 53978 128
53945 53991 52
53967 53975 136
53974 53989 257
53982 54017 269
54007 54012 188
54026 54063 218
54039 54064 147
54055 54059 108
54065 54104 200
54093 54136 296
54113 54139 232
54140 54182 79
54141 54166 32
54167 54216 48
54188 54217 88
54212 54229 217
54241 54280 95
54242 54254 194
54242 54257 289
54264 54275 208
54287 54333 83
54313 54352 229
54342 54364 145
54370 54372 207
54389 54431 99
54400 54417 205
54428 54447 133
54439 54448 59
54447 54472 155
54452 54470 285
54456 54471 48
54474 54496 33
54478 54525 241
54498 54528 107
54514 54558 63
54541 54591 154
54568 54608 295
54571 54607 291
54581 54593 127
54581 54597 285
54596 54599 279
54620 54627 12
54628 54668 71
54658 54688 79
54667 54676 260
54694 54723 134
54714 54735 124
54716 54718 199
54733 54767 270
54758 54759 230
54785 54789 270
54791 54833 248
54813 54851 183
54829 54842 291
54851 54886 233
54864 54903 227
54871 54881 37
54880 54886 68
54881 54910 84
54908 54942 176
54917 54935 156
54937 54981 197
54950 54993 143
54950 54997 299
54953 54957 68
54970 54972 183
54974 54987 215
54998 55028 79
55004 55039 59
55008 55051 26
55028 55057 188
55042 55075 103
55045 55078 83
55050 55094 139
55051 55096 135
55070 55078 264
55096 55136 18
55096 55120 229
55100 55113 46
55119 55166 188
55124 55174 278
55139 55154 174
55148 55192 291
55175 55181 193
55199 55212 34
55225 55250 111
55247 55252 9
55259 55278 43
55259 55304 146
55263 55286 288
55275 55324 289
55297 55307 240
55327 55342 31
55334 55354 183
55343 55376 53
55346 55392 250
55359 55373 213
55366 55414 21
55377 55392 100
55387 55417 179
55389 55434 112
55419 55421 117
55423 55471 31
55446 55496 143
55448 55498 266
55452 55485 206
55469 55494 250
55471 55508 71
55480 55496 138
55482 55490 41
55503 55511 243
55514 55552 223
55542 55583 12
55543 55558 257
55560 55577 223
55566 55592 250
55573 55618 159
55591 55618 149
55595 55616 214
55613 55628 177
55620 55634 36
55639 55679 173
55644 55687 97
55656 55679 196
55667 55707 26
55696 55729 25
55720 55726 296
55748 55797 54
55760 55769 265
55763 55807 221
55767 55771 102
55770 55809 45
55788 55800 85
55793 55810 63
55803 55845 143
55805 55853 179
55823 55835 244
55840 55876 10
55851 55888 85
55865 55890 177
55886 55913 33
55913 55942 103
55914 55963 139
55915 55932 175
55918 55935 296
55943 55946 19
55947 55956 169
55958 55991 289
55972 56019 235
55980 56015 143
55986 56024 55
55987 55995 297
56008 56019 58
56025 56034 137
56033 56070 31
56058 56093 205
56062 56087 257
56084 56088 91
56103 56115 180
56126 56171 154
56129 56155 89
56143 56170 11
56153 56194 20
56163 56178 224
56187 56202 235
56213 56217 156
56217 56242 194
56239 56251 67
56240 56270 188
56263 56289 215
56292 56294 204
56315 56330 247
56335 56365 166
56360 56381 101
56374 56390 45
56398 56425 66
56421 56459 158
56447 56492 146
56460 56476 186
56490 56522 185
56501 56549 225
56526 56567 171
56526 56554 213
56547 56577 287
56553 56568 194
56576 56582 120
56587 56607 7
56604 56605 242
56623 56635 203
56653 56695 97
56666 56693 294
56667 56693 39
56688 56713 296
56704 56750 259
56708 56723 123
56736 56773 134
56748 56774 64
56753 56800 192
56771 56819 299
56782 56815 123
56785 56786 34
56811 56856 138
56833 56876 155
56860 56874 267
56877 56888 221
56906 56939 251
56921 56970 2
56950 56992 7
56955 56996 268
56974 56984 129
57003 57033 81
57016 57055 85
57033 57069 92
57059 57090 188
57087 57136 200
57097 57134 270
57097 57142 61
57125 57164 174
57133 57159 33
57156 57169 209
57157 57178 292
57177 57208 34
57200 57227 146
57205 57247 72
57207 57244 213
57225 57228 235
57235 57257 125
57244 57289 148
57265 57298 211
57293 57331 111
57314 57352 263
57315 57340 145
57343 57344 215
57349 57361 212
57362 57371 28
57374 57390 251
57379 57423 143
57393 57434 155
57401 57424 274
57420 57422 20
57442 57461 79
57467 57487 30
57470 57472 90
57472 57503 156
57494 57517 233
57507 57544 241
57507 57541 282
57510 57548 118
57532 57575 174
57541 57559 295
57563 57579 60
57564 57611 189
57584 57617 36
57593 57637 28
57607 57640 197
57614 57638 143
57621 57642 197
57623 57665 117
57631 57677 131
57656 57694 30
57662 57711 193
57681 57709 287
57700 57745 205
57703 57743 25
57718 57754 174
57740 57781 211
57749 57798 33
57760 57783 111
57781 57784 167
57795 57801 175
57820 57854 253
57843 57847 244
57843 57857 59
57863 57872 201
57867 57911 225
57869 57879 41
57888 57922 286
57888 57935 59
57916 57949 221
57934 57975 34
57948 57981 56
57948 57962 69
57962 57977 136
57984 58003 276
57987 58030 208
58013 58060 83
58018 58058 160
58031 58062 61
58054 58080 158
58060 58090 264
58077 58113 122
58078 58093 222
58108 58128 199
58117 58146 12
58137 58155 201
58146 58177 135
58164 58206 166
58176 58187 56
58180 58204 134
58191 58233 230
58205 58234 251
58233 58243 59
58235 58236 114
58239 58249 20
58262 58294 287
58275 58278 278
58283 58285 28
58283 58284 46
58294 58339 157
58323 58372 152
58343 58356 51
58367 58388 217
58371 58408 83
58400 58428 62
58405 58451 70
58413 58447 224
58428 58473 68
58454 58489 131
58474 58482 285
58493 58524 102
58502 58552 160
58525 58550 105
58549 58557 87
58558 58583 179
58566 58593 241
58574 58597 148
58579 58619 57
58601 58639 247
58628 58647 134
58643 58652 240
58667 58680 79
58667 58714 274
58670 58687 9
58699 58749 64
58728 58759 222
58735 58770 91
58752 58775 20
58770 58789 57
58775 58792 67
58778 58787 184
58785 58796 199
58807 58821 90
58822 58843 150
58827 58876 107
58850 58851 297
58874 58917 112
58899 58918 100
58900 58901 102
58907 58943 221
58921 58925 190
58926 58935 265
58931 58979 4
58932 58959 68
58944 58961 160
58968 58975 83
58976 59024 132
58987 59023 49
58992 59039 299
58993 59008 115
59003 59010 165
59029 59039 86
59035 59068 238
59043 59083 166
59061 59105 179
59080 59121 183
59089 59129 201
59103 59137 80
59106 59111 133
59108 59137 89
59109 59139 113
59111 59140 84
59119 59126 244
59140 59169 23
59153 59197 202
59162 59166 114
59181 59184 36
59204 59216 211
59222 59247 102
59248 59295 82
59278 59328 66
59278 59294 187
59295 59323 173
59295 59306 260
59311 59348 20
59339 59344 121
59358 59382 214
59363 59383 182
59375 59404 63
59405 59426 51
59416 59466 124
59432 59447 265
59439 59484 73
59451 59490 64
59458 59497 270
59464 59489 259
59493 59538 276
59499 59501 255
59501 59508 224
59509 59524 108
59531 59560 165
59553 59593 94
59568 59615 184
59572 59615 100
59591 59633 34
59610 59653 111
59639 59682 290
59640 59649 258
59665 59714 263
59688 59722 144
59704 59717 101
59734 59753 37
59761 59797 15
59779 59784 105
59786 59814 68
59806 59827 101
59835 59873 55
59844 59849 19
59851 59879 282
59865 59886 183
59878 59924 187
59878 59897 3
59887 59897 284
59898 59904 151
59901 59916 219
59905 59942 69
59906 59954 249
59936 59948 153
59960 60006 59
59972 60000 179
59997 60009 168
60006 60041 178
60027 60057 22
60047 60065 30
60056 60085 133
60072 60101 72
60096 60142 172
60100 60140 197
60130 60170 101
60154 60180 32
60179 60189 202
60200 60207 258
60224 60261 227
60239 60269 130
60263 60287 249
60267 60302 113
60284 60297 239
60287 60312 48
60309 60345 189
60337 60374 104
60357 60378 144
60360 60371 268
60377 60403 235
60401 60413 296
60417 60446 148
60419 60421 32
60437 60448 191
60437 60461 134
60449 60473 226
60468 60490 76
60498 60499 27
60504 60507 118
60515 60549 35
60521 60532 187
60537 60578 131
60564 60597 224
60583 60612 163
60598 60643 282
60625 60647 63
60646 60671 240
60647 60678 160
60665 60667 244
60693 60728 69
60700 60718 19
60701 60722 13
60722 60739 58
60748 60793 270
60751 60768 141
60752 60791 285
60780 60789 235
60808 60815 118
60827 60871 229
60841 60851 137
60865 60869 282
60893 60937 156
60906 60921 76
60927 60933 59
60927 60949 87
60952 60974 231
60960 60972 193
60974 61004 49
60990 61033 234
61020 61061 123
61044 61094 130
61052 61082 103
61072 61106 294
61077 61099 102
61087 61100 129
61103 61104 187
61122 61123 95
61138 61176 136
61145 61170 108
61166 61200 113
61183 61202 69
61183 61202 147
61212 61214 4
61234 61251 197
61237 61254 228
61264 61288 93
61274 61308 59
61294 61301 218
61311 61356 229
61312 61335 45
61335 61355 117
61339 61367 173
61354 61375 187
61354 61364 113
61368 61410 185
61375 61421 271
61385 61411 32
61387 61417 98
61401 61420 185
61428 61443 216
61450 61493 141
61468 61489 193
61483 61512 217
61487 61499 63
61494 61534 224
61504 61539 121
61519 61554 100
61522 61572 142
61550 61565 19
61553 61570 176
61570 61572 264
61597 61623 140
61612 61640 23
61629 61633 44
61647 61657 298
61677 61682 79
61704 61733 49
61709 61739 258
61733 61781 259
61745 61774 12
61763 61770 7
61784 61822 286
61793 61812 168
61794 61819 164
61819 61835 186
61825 61870 27
61829 61852 224
61831 61855 255
61849 61858 92
61853 61865 207
61877 61883 53
61898 61942 38
61916 61958 267
61926 61930 32
61938 61972 160
61957 61959 140
61986 62005 83
62016 62018 204
62046 62085 244
62059 62109 72
62066 62080 171
62082 62109 240
62086 62108 184
62115 62125 223
62119 62133 269
62121 62138 187
62134 62154 135
62161 62168 6
62179 62180 4
62195 62202 63
62213 62255 39
62233 62256 77
62256 62298 86
62277 62307 100
62291 62295 91
62312 62340 222
62337 62340 97
62365 62368 82
62391 62413 143
62392 62413 151
62418 62432 44
62437 62481 101
62440 62476 134
62446 62469 300
62458 62459 199
62483 62529 235
62491 62498 190
62512 62542 206
62541 62563 134
62543 62577 262
62551 62570 60
62576 62622 25
62590 62637 43
62597 62636 154
62610 62648 178
62633 62637 50
62636 62665 198
62653 62670 165
62683 62699 102
62702 62733 26
62719 62745 17
62719 62732 161
62730 62741 189
62742 62789 29
62742 62779 166
62769 62811 154
62776 62805 252
62797 62838 40
62811 62848 25
62839 62881 255
62865 62876 254
62880 62915 291
62898 62908 31
62903 62945 75
62919 62964 170
62930 62949 190
62939 62967 101
62954 62976 114
62971 62985 234
62996 63021 232
63019 63049 219
63024 63038 131
63032 63067 279
63044 63053 28
63059 63095 51
63073 63091 90
63081 63091 75
63083 63109 254
63086 63091 61
63099 63124 9
63122 63129 61
63152 63191 85
63182 63201 123
63199 63240 228
63205 63212 88
63208 63216 120
63211 63242 57
63237 63285 298
63257 63271 183
63284 63299 118
63311 63347 113
63336 63357 213
63346 63351 176
63370 63375 289
63395 63416 88
63416 63454 76
63432 63464 180
63450 63484 166
63474 63514 47
63481 63497 46
63508 63540 93
63532 63578 292
63556 63561 59
63583 63605 188
63587 63602 223
63607 63647 156
63635 63676 145
63642 63683 187
63659 63680 198
63678 63706 241
63699 63709 79
63706 63723 236
63709 63722 265
63735 63739 16
63748 63791 258
63775 63789 56
63803 63821 110
63821 63840 269
63845 63876 72
63869 63881 226
63882 63899 291
63888 63927 293
63912 63926 216
63930 63943 11
63953 63957 73
63966 64003 187
63974 63980 264
63986 64015 107
63990 64027 219
64014 64059 283
64026 64040 30
64031 64079 168
64049 64069 110
64067 64111 294
64088 64098 15
64096 64105 225
64100 64122 30
64113 64137 49
64124 64141 269
64136 64162 64
64166 64196 289
64196 64220 178
64197 64215 255
64202 64228 18
64227 64230 163
64246 64251 6
64267 64286 171
64278 64303 213
64301 64332 273
64329 64371 31
64333 64360 102
64336 64382 156
64354 64398 261
64368 64378 144
64377 64408 18
64393 64441 141
64403 64451 22
64403 64448 37
64432 64464 270
64446 64471 20
64470 64481 11
64487 64534 85
64492 64499 91
64521 64535 78
64536 64561 2
64553 64565 121
64570 64598 167
64574 64614 257
64593 64629 118
64597 64616 146
64616 64627 32
64622 64650 91
64638 64644 281
64668 64701 112
64692 64694 124
64696 64734 264
64714 64752 145
64737 64775 17
64763 64807 86
64783 64815 228
64797 64818 118
64802 64808 52
64817 64820 294
64826 64839 167
64842 64850 68
64853 64888 124
64882 64900 154
64883 64905 148
64902 64951 125
64929 64942 244
64957 64984 201
64967 65003 257
64989 65033 162
65013 65014 154
65029 65040 71
65047 65083 3
65065 65081 184
65070 65088 225
65083 65096 93
65096 65129 173
65110 65120 91
65138 65174 73
65147 65162 149
65171 65202 10
65196 65216 226
65197 65239 99
65225 65255 103
65247 65255 253
65263 65309 165
65283 65285 205
65304 65329 100
65319 65347 63
65323 65346 168
65331 65365 163
65351 65400 91
65362 65370 28
65363 65369 133
65392 65413 60
65412 65460 173
65432 65441 264
65440 65470 259
65446 65466 167
65455 65503 208
65466 65482 258
65487 65522 274
65502 65527 291
65512 65521 135
65515 65541 132
65533 65558 68
65550 65568 15
65563 65611 89
65581 65591 75
65594 65634 227
65608 65613 257
65616 65624 22
65626 65635 224
65636 65686 249
65656 65659 130
65683 65701 114
65703 65725 122
65727 65747 138
65743 65793 36
65773 65805 157
65794 65805 176
65798 65830 136
65820 65843 90
65826 65873 242
65828 65864 85
65830 65873 211
65836 65873 202
65850 65875 85
65851 65894 283
65862 65910 174
65885 65886 280
65906 65930 266
65919 65932 251
65946 65961 188
65964 66005 175
65989 66034 239
66004 66011 247
66018 66064 19
66041 66044 279
66047 66087 286
66074 66104 222
66077 66127 19
66092 66115 299
66120 66147 296
66132 66155 131
66159 66191 68
66169 66185 193
66192 66223 119
66203 66204 52
66210 66251 101
66216 66266 106
66240 66285 91
66244 66255 12
66245 66295 196
66263 66286 255
66278 66325 186
66307 66349 120
66335 66365 223
66349 66392 17
66360 66395 149
66366 66402 81
66378 66407 200
66406 66456 174
66416 66449 156
66431 66466 48
66457 66473 152
66467 66498 60
66489 66512 98
66517 66530 77
66535 66550 190
66548 66573 229
66578 66596 95
66596 66604 210
66616 66627 183
66625 66671 287
66655 66670 194
66664 66678 125
66674 66678 288
66678 66696 3
66682 66696 83
66708 66719 75
66717 66751 291
66747 66787 206
66755 66768 175
66764 66795 226
66773 66822 245
66782 66808 141
66785 66805 64
66802 66840 15
66830 66868 204
66833 66847 261
66854 66860 206
66862 66870 201
66862 66884 86
66878 66913 94
66908 66950 116
66935 66966 53
66947 66981 106
66968 67014 228
66981 67010 234
67010 67026 291
67022 67063 62
67032 67047 219
67052 67075 297
67076 67085 156
67102 67111 147
67106 67124 1
67123 67172 91
67126 67174 70
67130 67168 279
67139 67169 83
67154 67164 293
67170 67174 294
67194 67230 109
67221 67258 74
67227 67242 170
67248 67274 166
67253 67254 126
67265 67286 214
67293 67327 92
67317 67324 152
67325 67371 266
67340 67361 291
67365 67387 12
67387 67423 212
67401 67431 131
67431 67452 82
67459 67465 50
67469 67507 219
67469 67477 256
67470 67488 194
67486 67519 3
67495 67523 298
67518 67548 16
67537 67582 139
67538 67554 40
67544 67555 146
67555 67587 59
67564 67610 229
67591 67625 136
67605 67622 261
67621 67652 211
67627 67631 279
67630 67668 195
67642 67692 26
67672 67690 234
67686 67689 3
67700 67717 204
67712 67713 51
67726 67744 229
67727 67762 252
67753 67790 59
67764 67772 168
67774 67816 27
67784 67789 198
67796 67812 84
67801 67812 172
67820 67825 167
67837 67854 28
67860 67885 141
67882 67887 53
67899 67948 253
67920 67933 175
67934 67955 170
67936 67954 247
67947 67976 177
67961 68007 13
67963 67991 133
67986 68027 283
67987 68023 139
67992 68020 232
68018 68034 64
68022 68068 299
68034 68048 178
68064 68095 250
68073 68102 170
68102 68127 66
68129 68160 118
68145 68156 266
68173 68197 232
68184 68194 111
68191 68208 239
68205 68213 93
68214 68223 21
68240 68256 139
68249 68265 63
68270 68317 203
68282 68326 244
68290 68328 68
68315 68326 9
68336 68337 96
68364 68408 110
68369 68370 54
68384 68419 267
68387 68403 281
68388 68400 244
68388 68416 293
68393 68412 130
68400 68441 154
68428 68456 195
68428 68450 211
68436 68475 149
68465 68475 165
68494 68538 252
68499 68515 94
68520 68553 13
68540 68589 12
68570 68586 165
68580 68626 223
68597 68634 267
68597 68610 190
68625 68669 80
68647 68697 87
68667 68701 137
68682 68720 268
68698 68737 228
68718 68752 187
68738 68761 211
68738 68749 201
68741 68753 241
68755 68801 118
68761 68781 235
68781 68783 83
68790 68817 20
68803 68804 7
68813 68822 110
68816 68866 10
68839 68883 107
68840 68844 291
68870 68905 113
68885 68889 148
68896 68908 76
68897 68922 204
68926 68944 87
68931 68942 179
68957 68996 176
68960 69003 283
68982 69020 89
68982 69024 291
68984 69005 75
68984 68986 71
68989 69013 10
68999 69006 247
69017 69047 169
69032 69077 21
69039 69040 56
69059 69086 244
69061 69105 29
69070 69120 176
69089 69104 189
69118 69152 15
69122 69131 162
69141 69150 203
69163 69205 51
69180 69217 117
69206 69238 235
69232 69267 187
69241 69275 110
69253 69275 55
69268 69286 41
69284 69324 10
69292 69317 21
69315 69344 76
69338 69348 242
69338 69354 172
69344 69386 206
69346 69387 191
69372 69379 18
69383 69402 101
69384 69424 270
69409 69419 35
69429 69465 256
69454 69476 238
69472 69506 79
69499 69500 72
69518 69526 220
69542 69574 35
69543 69567 248
69564 69576 206
69586 69623 132
69593 69612 83
69620 69655 69
69642 69689 164
69650 69663 109
69672 69680 79
69695 69709 276
69699 69721 212
69704 69746 43
69711 69719 169
69712 69741 125
69717 69767 294
69725 69735 68
69746 69755 109
69763 69769 219
69774 69823 194
69798 69839 185
69824 69860 277
69834 69879 85
69840 69857 286
69843 69877 13
69859 69867 218
69884 69891 264
69884 69912 238
69890 69927 154
69915 69929 240
69944 69981 123
69961 69994 37
69969 69996 138
69978 69985 186
70008 70052 105
70029 70032 276
70058 70067 46
70058 70076 38
70067 70089 212
70074 70115 133
70075 70090 109
70088 70135 201
70117 70146 214
70142 70180 57
70166 70204 272
70194 70231 276
70215 70256 185
70216 70242 135
70227 70237 33
70249 70298 264
70271 70288 290
70288 70319 242
70289 70318 279
70316 70345 14
70335 70366 153
70353 70396 194
70362 70404 286
70388 70407 53
70391 70436 99
70417 70439 207
70434 70481 152
70434 70436 281
70462 70500 291
70470 70487 2
70494 70531 178
70522 70532 231
70530 70554 166
70545 70595 46
70564 70607 12
70574 70607 161
70603 70606 162
70631 70636 188
70633 70655 77
70652 70689 102
70676 70701 52
70694 70698 130
70700 70747 225
70701 70709 29
70707 70737 235
70728 70770 43
70745 70762 12
70761 70772 286
70772 70784 286
70772 70792 279
70772 70783 230
70773 70808 208
70779 70791 28
70782 70832 111
70807 70819 181
70815 70816 94
70815 70818 136
70833 70857 40
70849 70865 99
70862 70886 2
70890 70935 133
70897 70930 152
70918 70929 112
70927 70972 218
70953 70991 1
70966 70977 177
70981 71030 26
71005 71054 120
71016 71048 124
71030 71052 176
71055 71098 56
71074 71099 266
71092 71100 248
71121 71137 26
71135 71183 204
71138 71187 37
71156 71164 118
71184 71186 170
71205 71238 179
71223 71234 283
71243 71263 126
71258 71294 262
71265 71276 230
71277 71320 280
71297 71324 55
71327 71355 208
71346 71385 107
71372 71412 300
71391 71406 249
71400 71404 171
71418 71457 37
71436 71482 265
71460 71480 30
71469 71499 85
71478 71512 288
71489 71529 229
71511 71544 211
71526 71560 27
71539 71542 176
71568 71573 244
71595 71610 121
71598 71611 78
71620 71648 227
71646 71683 130
71666 71713 299
71678 71706 98
71690 71731 289
71703 71734 298
71724 71770 116
71748 71795 56
71775 71794 117
71805 71838 89
71830 71838 169
71860 71904 160
71868 71917 80
71873 71894 110
71899 71926 253
71920 71926 286
71938 71939 45
71948 71963 257
71978 71989 9
71985 71999 18
72002 72008 239
72004 72049 149
72020 72043 176
72045 72049 8
72067 72105 136
72074 72093 225
72074 72124 159
72078 72090 45
72096 72146 248
72111 72123 268
72140 72164 5
72146 72161 19
72173 72198 211
72193 72213 6
72195 72235 197
72207 72222 266
72232 72266 229
72250 72296 87
72278 72288 59
72300 72320 297
72314 72341 85
72342 72349 17
72348 72351 118
72363 72395 123
72381 72396 167
72398 72447 152
72414 72422 161
72416 72446 163
72418 72455 171
72433 72439 103
72449 72484 109
72463 72465 149
72467 72500 205
72486 72526 173
72493 72525 273
72498 72501 104
72527 72559 9
72549 72569 249
72574 72616 222
72599 72608 233
72618 72652 18
72622 72645 144
72639 72644 12
72641 72664 23
72650 72666 273
72664 72712 56
72670 72678 165
72673 72695 192
72684 72734 84
72707 72741 198
72721 72731 38
72742 72783 171
72744 72754 180
72761 72794 203
72787 72801 231
72807 72829 61
72815 72849 100
72833 72874 17
72841 72860 242
72865 72886 202
72870 72881 154
72875 72887 188
72878 72883 262
72902 72922 70
72915 72919 186
72933 72947 293
72940 72985 246
72960 72995 103
72975 72998 65
72976 73023 238
72983 72997 5
72995 73039 141
73011 73029 236
73030 73063 286
73050 73084 27
73063 73075 207
73081 73094 188
73098 73142 253
73111 73161 147
73116 73146 171
73133 73134 186
73145 73170 181
73150 73156 12
73162 73193 255
73189 73235 191
73194 73224 109
73211 73215 166
73223 73235 41
73239 73247 34
73257 73298 227
73258 73273 272
73270 73320 90
73287 73298 96
73298 73327 171
73319 73332 124
73347 73360 229
73374 73399 89
73397 73441 17
73426 73444 191
73442 73473 242
73448 73471 157
73466 73472 94
73493 73523 248
73498 73523 61
73525 73537 249
73536 73567 65
73558 73571 75
73587 73630 143
73588 73621 285
73589 73623 14
73609 73612 216
73615 73659 15
73617 73642 179
73635 73677 228
73657 73694 100
73668 73708 144
73669 73717 243
73669 73693 179
73690 73712 202
73719 73760 184
73727 73749 102
73735 73737 273
73757 73766 282
73770 73815 159
73796 73826 151
73815 73857 42
73821 73828 145
73826 73862 203
73835 73845 244
73853 73892 179
73882 73893 60
73907 73949 227
73918 73949 171
73918 73932 206
73945 73951 65
73964 73987 213
73981 73993 143
74010 74034 252
74022 74052 95
74042 74045 1
74057 74060 218
74077 74117 113
74090 74103 241
74095 74119 226
74119 74137 119
74125 74157 161
74148 74150 218
74153 74169 52
74164 74198 88
74191 74199 212
74196 74224 142
74213 74257 213
74236 74266 99
74243 74268 283
74245 74286 23
74250 74252 153
74268 74287 148
74278 74301 220
74280 74316 67
74295 74326 273
74301 74334 81
74301 74305 278
74313 74352 280
74320 74341 218
74326 74353 175
74333 74354 298
74347 74390 92
74376 74407 88
74390 74407 264
74409 74420 13
74435 74437 48
74461 74505 281
74463 74491 252
74464 74505 61
74493 74500 180
74515 74555 63
74532 74567 135
74554 74604 292
74568 74587 114
74587 74620 225
74612 74624 211
74629 74674 79
74635 74661 1
74644 74661 238
74665 74680 84
74683 74684 119
74702 74709 269
74707 74722 179
74736 74761 233
74762 74781 285
74768 74795 216
74784 74823 14
74800 74815 74
74803 74813 227
74817 74842 43
74827 74832 242
74835 74846 271
74838 74866 241
74851 74901 299
74851 74865 296
74860 74872 256
74878 74898 6
74899 74909 230
74926 74968 201
74954 74995 27
74981 75020 280
75006 75055 252
75011 75029 64
75026 75039 20
75056 75103 1
75084 75098 26
