5000
4 25 92
18 29 271
46 49 259
71 101 128
87 124 88
110 137 253
116 154 84
126 149 261
132 151 90
144 188 115
156 167 262
161 186 2
188 218 11
193 209 135
214 233 208
217 246 167
225 264 250
247 265 182
276 312 12
297 341 143
314 355 72
334 369 51
361 375 228
370 393 171
390 429 21
390 398 246
418 449 73
425 465 244
454 466 154
470 489 82
474 512 190
475 513 138
495 528 87
496 527 281
501 540 222
516 532 268
533 546 297
550 564 127
577 580 65
598 607 127
614 629 226
627 650 207
645 692 147
653 687 74
680 681 224
702 745 161
717 745 224
739 751 265
750 782 12
775 798 144
801 834 228
822 829 300
838 850 114
867 899 106
869 888 249
899 918 69
928 968 249
945 978 136
955 981 220
983 1000 87
991 1041 254
1013 1018 173
1020 1031 38
1049 1085 163
1078 1102 246
1089 1091 2
1092 1129 57
1107 1109 4
1118 1136 224
1147 1173 284
1165 1174 132
1181 1200 294
1207 1232 105
1208 1227 73
1213 1257 193
1229 1274 225
1237 1262 107
1263 1287 247
1283 1297 23
1306 1353 93
1306 1334 56
1313 1357 200
1316 1362 67
1334 1369 28
1345 1357 133
1354 1386 39
1356 1384 119
1359 1403 34
1372 1400 156
1378 1423 222
1407 1435 118
1412 1438 19
1440 1451 193
1457 1496 247
1462 1471 280
1465 1512 12
1465 1477 187
1489 1523 215
1501 1502 162
1528 1560 94
1542 1589 29
1555 1592 271
1582 1594 129
1583 1618 73
1600 1608 143
1629 1659 152
1630 1631 179
1643 1672 142
1671 1716 132
1673 1716 56
1674 1704 105
1701 1736 271
1715 1757 272
1718 1746 13
1722 1759 267
1749 1761 290
1765 1766 158
1771 1792 29
1784 1793 264
1801 1848 237
1804 1807 276
1824 1853 294
1850 1872 180
1869 1888 19
1880 1901 52
1894 1942 144
1901 1931 4
1930 1942 228
1938 1965 11
1940 1974 68
1951 1963 130
1976 2005 159
1988 2027 293
2005 2053 201
2005 2008 119
2033 2052 1
2054 2075 82
2060 2109 42
2060 2093 55
2079 2121 190
2090 2117 247
2096 2126 36
2124 2143 14
2145 2171 189
2152 2184 224
2164 2186 50
2175 2205 107
2179 2184 77
2191 2197 100
2212 2214 23
2215 2245 183
2219 2261 138
2229 2243 46
2239 2284 166
2245 2280 156
2266 2275 72
2279 2304 272
2283 2331 264
2310 2333 71
2324 2367 7
2333 2376 48
2351 2367 200
2356 2390 53
2373 2422 82
2386 2430 200
2387 2434 293
2397 2407 229
2417 2462 156
2425 2452 77
2452 2490 142
2462 2491 275
2489 2514 9
2510 2535 257
2513 2541 68
2516 2551 104
2539 2544 207
2566 2589 185
2593 2622 247
2619 2662 269
2634 2656 143
2662 2670 56
2667 2704 12
2679 2719 197
2697 2738 298
2697 2714 18
2701 2714 26
2730 2747 126
2746 2793 107
2774 2808 193
2781 2797 4
2783 2799 255
2807 2856 10
2822 2852 148
2851 2890 236
2862 2898 274
2890 2922 150
2917 2954 54
2917 2919 72
2938 2942 93
2956 2967 145
2985 3024 294
3009 3057 265
3039 3068 67
3039 3056 135
3062 3096 194
3090 3134 136
3091 3132 275
3121 3139 148
3130 3133 61
3133 3146 222
3158 3175 53
3174 3190 1
3180 3214 194
3199 3209 57
3228 3269 14
3251 3274 123
3274 3299 250
3301 3310 225
3304 3347 26
3325 3347 199
3355 3358 96
3359 3394 95
3377 3416 79
3386 3389 142
3393 3439 206
3413 3438 160
3437 3455 102
3454 3486 261
3460 3477 217
3462 3478 19
3472 3515 249
3474 3490 184
3475 3485 8
3498 3535 40
3527 3573 55
3556 3605 182
3564 3586 49
3589 3592 232
3606 3654 81
3629 3673 237
3632 3651 294
3647 3652 34
3652 3683 98
3679 3718 232
3708 3715 195
3735 3771 171
3759 3791 89
3759 3777 283
3782 3807 83
3784 3819 162
3812 3850 245
3828 3848 23
3828 3868 284
3857 3878 12
3867 3892 3
3897 3926 69
3898 3934 289
3925 3938 103
3946 3972 6
3969 4008 128
3970 4001 98
3980 4007 190
3995 4017 47
4002 4048 199
4024 4044 193
4029 4054 185
4048 4064 112
4071 4106 97
4097 4144 234
4107 4155 256
4123 4146 240
4146 4180 268
4152 4192 88
4173 4185 122
4201 4229 204
4228 4235 279
4254 4255 173
4267 4279 217
4295 4342 279
4300 4341 55
4314 4334 130
4318 4327 82
4335 4358 204
4358 4405 268
4370 4405 20
4382 4389 84
4402 4410 168
4423 4443 242
4436 4485 47
4465 4482 46
4494 4509 127
4522 4559 49
4531 4572 180
4534 4577 85
4536 4555 150
4553 4588 61
4575 4603 114
4599 4636 259
4624 4658 130
4646 4665 285
4667 4711 65
4696 4717 83
4717 4749 147
4731 4746 109
4748 4767 244
4763 4793 65
4763 4784 68
4785 4817 96
4795 4819 140
4822 4860 167
4849 4851 24
4852 4889 167
4862 4884 156
4883 4914 49
4913 4920 170
4938 4968 118
4958 4994 273
4973 4979 82
4980 4989 253
4997 5025 294
5022 5026 157
5042 5045 278
5070 5083 137
5072 5115 269
5092 5125 149
5113 5140 267
5137 5182 27
5156 5158 210
5181 5209 86
5207 5255 260
5220 5224 293
5227 5274 4
5242 5253 117
5249 5277 212
5275 5291 251
5305 5332 286
5333 5338 31
5350 5375 93
5358 5361 216
5386 5411 300
5386 5413 6
5415 5458 154
5438 5472 45
5447 5495 233
5452 5464 223
5475 5499 298
5499 5535 107
5528 5551 215
5531 5559 157
5537 5587 215
5543 5577 194
5550 5598 26
5569 5598 167
5587 5598 135
5589 5626 130
5592 5638 81
5604 5635 123
5609 5643 203
5614 5624 204
5633 5677 274
5640 5657 17
5660 5700 244
5677 5683 182
5678 5680 286
5681 5686 243
5691 5712 195
5706 5725 139
5731 5768 162
5748 5752 241
5762 5778 166
5779 5788 145
5795 5838 277
5820 5822 254
5832 5847 207
5835 5852 157
5862 5864 226
5880 5923 62
5908 5931 2
5919 5939 204
5939 5972 266
5941 5958 240
5953 5985 141
5960 5996 183
5972 6009 94
5985 6018 184
6000 6016 235
6029 6073 33
6035 6067 21
6043 6068 186
6068 6076 188
6081 6104 131
6091 6094 3
6112 6133 5
6132 6151 258
6135 6150 142
6153 6183 185
6163 6198 228
6165 6186 215
6187 6213 37
6188 6204 5
6203 6246 54
6215 6263 114
6227 6231 285
6239 6243 127
6254 6274 84
6265 6303 181
6273 6294 297
6301 6314 184
6329 6369 286
6332 6375 161
6341 6342 77
6362 6407 240
6362 6368 132
6376 6382 280
6402 6439 108
6421 6459 129
6439 6450 163
6453 6472 125
6479 6524 29
6502 6517 261
6521 6559 52
6539 6547 300
6548 6582 26
6559 6578 227
6589 6619 195
6597 6644 56
6618 6630 253
6645 6680 15
6645 6646 219
6656 6665 155
6676 6706 53
6676 6700 126
6679 6689 59
6707 6733 219
6721 6741 92
6724 6771 7
6740 6769 61
6743 6783 193
6759 6789 177
6763 6793 13
6778 6820 289
6796 6821 145
6819 6838 40
6820 6829 206
6841 6849 89
6862 6884 51
6875 6904 42
6902 6905 159
6904 6928 180
6930 6941 273
6934 6953 146
6945 6977 53
6958 6961 158
6981 7029 42
6997 7041 159
7025 7067 269
7051 7061 48
7073 7076 118
7100 7147 29
7101 7150 223
7106 7126 231
7115 7157 187
7129 7131 146
7148 7153 217
7152 7182 14
7182 7206 127
7195 7219 164
7223 7270 218
7229 7244 201
7250 7297 251
7277 7284 113
7292 7313 233
7296 7300 75
7318 7354 79
7338 7362 23
7339 7357 70
7366 7369 30
7369 7408 106
7374 7382 172
7385 7395 219
7387 7390 158
7394 7415 149
7406 7428 237
7427 7450 167
7443 7469 247
7463 7497 275
7472 7489 128
7482 7514 105
7488 7535 156
7492 7508 29
7499 7528 222
7528 7548 15
7529 7573 98
7555 7588 119
7565 7582 277
7591 7629 159
7612 7647 298
7620 7632 195
7623 7635 295
7628 7638 69
7646 7672 4
7673 7684 273
7682 7716 21
7712 7753 40
7729 7734 176
7736 7758 45
7747 7763 48
7765 7802 34
7794 7831 64
7824 7859 221
7838 7846 160
7844 7879 38
7850 7856 72
7869 7919 7
7869 7886 98
7869 7889 252
7882 7930 103
7902 7948 47
7928 7942 1
7945 7974 274
7964 8002 296
7983 8009 103
8009 8054 115
8027 8041 82
8054 8057 159
8057 8077 177
8064 8082 60
8080 8128 198
8084 8089 273
8093 8121 197
8118 8144 126
8132 8149 289
8146 8174 219
8159 8197 118
8184 8201 270
8204 8238 49
8213 8242 140
8213 8248 16
8234 8235 223
8235 8278 150
8257 8297 197
8257 8306 6
8270 8320 195
8291 8324 7
8319 8362 298
8347 8379 286
8366 8402 231
8371 8396 45
8393 8440 199
8407 8432 163
8424 8470 90
8435 8450 74
8451 8494 245
8481 8485 157
8496 8520 189
8516 8529 285
8541 8562 23
8555 8575 137
8578 8604 140
8595 8607 263
8599 8620 198
8617 8632 116
8633 8681 84
8659 8666 171
8675 8698 129
8682 8694 22
8682 8716 38
8705 8727 296
8725 8757 126
8751 8766 234
8766 8767 117
8782 8807 186
8797 8809 88
8812 8834 62
8826 8864 256
8856 8905 293
8863 8880 21
8872 8897 234
8882 8922 37
8894 8929 72
8898 8922 101
8900 8934 61
8901 8930 199
8930 8931 254
8948 8978 94
8963 9008 107
8963 8970 180
8967 8970 237
8979 8993 259
9001 9007 287
9003 9011 277
9033 9065 80
9046 9080 62
9069 9118 152
9091 9120 178
9095 9135 243
9116 9134 300
9118 9156 299
9121 9171 144
9145 9161 253
9145 9158 116
9165 9189 232
9180 9205 184
9208 9245 286
9226 9231 251
9255 9267 297
9256 9281 141
9285 9296 90
9294 9297 131
9321 9339 68
9344 9369 199
9373 9402 197
9377 9383 31
9388 9411 200
9418 9454 76
9426 9429 111
9437 9482 23
9450 9475 45
9452 9488 176
9471 9514 51
9500 9507 156
9526 9569 80
9539 9572 235
9564 9567 289
9592 9605 120
9609 9655 135
9626 9669 287
9647 9677 60
9668 9693 25
9679 9695 289
9695 9722 214
9702 9746 87
9732 9756 36
9760 9804 106
9763 9782 101
9776 9814 23
9789 9839 92
9789 9821 167
9819 9834 59
9822 9863 135
9850 9864 141
9864 9891 35
9876 9878 276
9894 9909 289
9900 9942 74
9928 9967 82
9938 9957 96
9943 9985 70
9961 10005 134
9973 10006 151
9982 9999 36
10008 10019 9
10037 10056 51
10048 10049 23
10054 10074 45
10066 10102 297
10089 10102 55
10100 10149 55
10108 10145 79
10135 10157 70
10153 10185 246
10163 10211 205
10180 10206 172
10191 10233 3
10200 10250 169
10216 10258 295
10227 10260 180
10233 10262 266
10242 10267 92
10254 10269 64
10262 10308 182
10271 10292 240
10292 10333 293
10309 10329 287
10337 10366 7
10351 10368 243
10381 10403 12
10381 10392 34
10411 10445 212
10413 10446 161
10419 10430 101
10444 10480 133
10473 10496 125
10491 10536 25
10503 10511 30
10510 10517 65
10518 10564 246
10537 10543 131
10553 10576 215
10556 10581 218
10580 10609 189
10594 10613 10
10597 10630 290
10606 10654 298
10625 10665 248
10637 10649 32
10658 10663 48
10673 10689 164
10692 10724 203
10694 10696 27
10713 10739 209
10730 10776 67
10759 10806 24
10771 10791 25
10778 10783 287
10779 10798 109
10795 10818 286
10814 10819 75
10842 10887 226
10851 10871 154
10860 10876 284
10868 10885 201
10882 10900 3
10892 10905 89
10903 10942 168
10904 10950 7
10934 10941 197
10939 10976 138
10956 10967 271
10985 11020 211
10991 11010 216
11011 11036 201
11030 11045 268
11060 11106 282
11085 11087 271
11104 11128 221
11111 11153 11
11118 11120 266
11133 11175 177
11159 11161 240
11159 11198 72
11184 11212 60
11194 11225 208
11199 11218 179
11203 11237 224
11218 11230 229
11223 11260 213
11240 11287 297
11268 11289 190
11276 11301 185
11292 11326 10
11306 11351 21
11327 11373 34
11346 11354 120
11366 11409 298
11396 11427 73
11396 11424 163
11411 11460 4
11428 11445 220
11444 11484 271
11447 11473 101
11458 11475 129
11466 11496 262
11480 11527 85
11481 11518 186
11497 11520 74
11510 11559 222
11526 11534 123
11538 11551 155
11540 11571 140
11540 11551 42
11568 11608 198
11576 11597 228
11584 11594 174
11592 11597 129
11605 11626 88
11608 11650 89
11608 11653 257
11614 11643 285
11623 11630 172
11643 11686 182
11648 11678 198
11667 11683 86
11679 11696 228
11699 11737 265
11699 11711 37
11728 11732 253
11734 11755 291
11736 11758 172
11762 11774 122
11764 11779 83
11791 11824 194
11815 11850 92
11829 11837 61
11836 11873 288
11842 11865 177
11859 11889 47
11876 11886 123
11895 11944 142
11918 11936 150
11941 11947 14
11971 11982 249
11979 12019 264
11987 12036 228
12017 12025 97
12018 12062 87
12023 12042 293
12052 12065 2
12055 12088 41
12072 12078 190
12087 12128 80
12116 12159 19
12122 12162 23
12129 12134 244
12153 12192 226
12157 12191 53
12158 12182 225
12163 12169 178
12166 12170 182
12170 12187 151
12199 12240 268
12208 12258 85
12231 12247 6
12237 12267 276
12246 12272 219
12251 12273 205
12266 12282 164
12270 12278 258
12298 12309 136
12313 12360 33
12341 12374 18
12357 12402 243
12367 12406 104
12393 12409 165
12403 12409 286
12414 12432 205
12435 12464 278
12454 12485 195
12457 12462 153
12474 12492 271
12503 12528 2
12521 12538 167
12544 12564 75
12562 12598 293
12567 12579 70
12581 12623 262
12590 12596 233
12601 12615 1
12605 12623 209
12614 12640 176
12633 12664 267
12656 12662 27
12677 12721 287
12689 12723 286
12715 12729 194
12739 12746 42
12740 12783 167
12764 12770 57
12769 12819 227
12788 12830 291
12796 12799 37
12798 12811 46
12820 12853 169
12826 12853 32
12848 12882 2
12876 12893 192
12906 12911 114
12918 12922 72
12931 12966 269
12939 12975 95
12959 13009 57
12963 12994 153
12963 12967 21
12984 13025 77
12996 13039 290
13025 13068 192
13049 13058 68
13056 13089 30
13066 13070 140
13091 13108 259
13118 13148 237
13118 13142 219
13143 13169 279
13166 13212 144
13193 13238 290
13213 13244 104
13237 13239 38
13241 13283 118
13261 13301 30
13265 13312 23
13281 13290 201
13296 13342 151
13313 13338 65
13342 13354 178
13344 13363 199
13352 13374 54
13358 13396 101
13379 13427 32
13399 13425 85
13421 13448 107
13434 13441 208
13459 13491 201
13459 13507 3
13463 13477 206
13471 13513 130
13491 13529 231
13509 13554 250
13519 13569 273
13519 13562 261
13522 13532 141
13543 13582 202
13551 13568 92
13573 13582 28
13577 13604 47
13590 13608 246
13619 13636 153
13649 13671 7
13670 13700 68
13677 13727 300
13688 13709 237
13708 13710 2
13729 13757 162
13735 13756 137
13740 13747 130
13764 13804 137
13765 13790 11
13766 13799 121
13782 13805 178
13793 13826 292
13807 13824 297
13815 13850 122
13816 13818 269
13817 13819 184
13834 13868 145
13847 13889 80
13869 13885 270
13884 13926 160
13902 13933 185
13922 13933 26
13939 13946 109
13956 13992 205
13978 14012 80
14008 14044 127
14011 14046 238
14019 14029 213
14019 14041 57
14030 14053 204
14055 14068 233
14056 14071 128
14067 14091 95
14087 14091 175
14088 14112 188
14106 14126 124
14111 14156 87
14122 14144 114
14131 14155 8
14161 14206 22
14162 14175 26
14178 14204 199
14186 14201 178
14190 14214 31
14194 14239 8
14210 14258 94
14213 14245 92
14232 14253 159
14247 14278 236
14254 14300 221
14284 14321 32
14298 14335 228
14300 14330 19
14319 14337 53
14319 14327 16
14339 14341 23
14361 14376 147
14386 14408 219
14390 14415 57
14413 14422 179
14427 14430 183
14427 14436 157
14444 14453 180
14455 14492 265
14474 14502 51
14485 14486 223
14515 14536 159
14537 14558 85
14540 14575 161
14549 14581 80
14568 14582 135
14573 14595 64
14598 14640 259
14608 14640 277
14617 14663 40
14623 14642 277
14652 14683 219
14681 14683 161
14693 14726 124
14694 14714 68
14704 14709 76
14725 14757 250
14730 14758 171
14743 14791 189
14745 14770 27
14750 14770 47
14753 14782 177
14775 14803 205
14783 14785 173
14795 14844 103
14810 14840 216
14831 14878 38
14846 14847 120
14855 14858 283
14867 14892 194
14876 14887 58
14887 14913 46
14912 14942 218
14942 14972 253
14963 14989 280
14974 14984 20
14983 15027 158
14999 15037 168
15000 15006 266
15030 15056 52
15051 15052 107
15058 15098 108
15082 15119 101
15086 15127 52
15090 15102 203
15117 15137 55
15122 15148 46
15124 15135 113
15125 15130 133
15142 15150 12
15153 15166 106
15176 15200 291
15198 15234 148
15222 15254 155
15229 15275 207
15230 15247 230
15245 15288 199
15247 15257 150
15270 15317 56
15294 15333 114
15320 15355 86
15337 15375 54
15350 15377 230
15368 15406 80
15389 15419 210
15403 15426 108
15416 15446 50
15425 15443 94
15435 15470 204
15441 15442 236
15451 15487 50
15457 15487 25
15483 15491 172
15498 15544 212
15507 15541 201
15535 15563 151
15546 15570 114
15568 15571 38
15585 15617 176
15585 15608 198
15608 15633 269
15612 15652 19
15637 15655 54
15656 15675 5
15658 15679 245
15681 15731 209
15691 15723 111
15704 15708 230
15722 15768 139
15749 15786 210
15753 15755 226
15765 15801 284
15791 15832 288
15801 15805 236
15824 15861 14
15833 15883 212
15863 15894 81
15885 15921 224
15908 15954 40
15910 15916 37
15932 15976 15
15958 15993 228
15961 15989 42
15983 16004 39
16011 16061 146
16015 16061 126
16040 16048 121
16065 16112 8
16070 16097 115
16082 16112 279
16089 16122 72
16116 16143 63
16138 16152 265
16138 16169 31
16149 16153 79
16165 16195 152
16179 16203 89
16179 16193 141
16197 16241 298
16220 16241 214
16248 16281 63
16275 16312 36
16298 16309 80
16324 16350 31
16324 16331 121
16341 16376 164
16351 16399 224
16373 16399 277
16394 16424 235
16403 16410 91
16405 16433 277
16427 16443 290
16431 16440 185
16438 16446 275
16458 16494 72
16474 16520 197
16503 16553 229
16503 16549 156
16504 16510 161
16515 16534 176
16530 16574 19
16556 16602 287
16556 16568 140
16557 16570 125
16579 16595 26
16602 16643 11
16610 16648 146
16617 16658 43
16642 16684 140
16642 16692 46
16654 16698 96
16683 16698 2
16713 16758 145
16715 16749 100
16727 16750 19
16737 16786 286
16754 16765 106
16778 16791 251
16808 16853 283
16822 16856 278
16826 16874 247
16837 16867 218
16845 16885 199
16872 16887 68
16896 16934 103
16914 16939 223
16934 16968 254
16940 16948 49
16961 16989 177
16971 17005 97
17001 17012 221
17006 17028 34
17021 17037 203
17044 17055 74
17068 17071 219
17091 17109 40
17108 17124 82
17126 17138 249
17136 17163 199
17152 17175 194
17173 17214 151
17189 17239 288
17200 17231 170
17211 17258 250
17219 17230 262
17228 17259 195
17250 17292 47
17257 17284 78
17260 17291 199
17280 17313 109
17310 17328 17
17315 17325 230
17321 17356 172
17338 17373 177
17367 17377 258
17380 17408 101
17382 17420 203
17391 17394 230
17406 17442 23
17419 17467 140
17448 17475 145
17464 17491 33
17485 17525 290
17507 17514 239
17533 17537 79
17544 17563 84
17558 17599 218
17576 17621 179
17579 17613 221
17596 17643 53
17624 17631 246
17642 17681 199
17669 17684 27
17698 17747 49
17716 17758 221
17744 17766 290
17754 17761 271
17772 17804 292
17798 17840 138
17805 17852 99
17828 17861 117
17856 17891 250
17886 17911 230
17903 17927 58
17924 17936 21
17944 17991 137
17967 17995 87
17969 17977 206
17972 18018 156
17974 17988 142
17975 17994 12
17977 17981 192
17986 18017 142
17997 18002 169
18016 18054 257
18025 18035 170
18047 18066 87
18056 18062 243
18086 18101 236
18105 18107 168
18105 18143 64
18110 18121 65
18139 18179 197
18155 18156 292
18168 18173 298
18189 18217 156
18193 18242 58
18207 18243 234
18210 18215 139
18236 18285 2
18245 18279 179
18274 18276 280
18296 18309 269
18305 18318 191
18314 18351 271
18317 18367 147
18337 18361 282
18366 18397 17
18391 18421 155
18398 18430 156
18415 18426 108
18440 18448 160
18440 18484 38
18459 18500 110
18474 18492 102
18504 18521 78
18532 18560 297
18544 18588 19
18566 18573 273
18593 18640 171
18599 18605 15
18618 18619 202
18622 18658 277
18646 18677 16
18657 18668 294
18661 18685 257
18671 18713 199
18691 18712 40
18718 18767 252
18736 18752 21
18745 18777 258
18769 18810 191
18776 18806 139
18784 18793 266
18788 18804 146
18795 18826 40
18821 18835 134
18832 18861 3
18862 18909 198
18870 18882 60
18880 18882 115
18885 18933 15
18913 18953 18
18917 18939 241
18930 18948 168
18936 18979 62
18963 18966 155
18964 19000 79
18968 18972 218
18998 19044 212
19025 19028 255
19031 19066 190
19037 19050 72
19052 19077 260
19073 19104 278
19081 19121 163
19090 19139 283
19118 19157 166
19129 19176 233
19135 19139 194
19152 19161 86
19170 19187 229
19179 19186 239
19196 19233 91
19213 19233 164
19219 19232 7
19247 19289 289
19271 19293 228
19297 19341 127
19311 19344 21
19340 19349 172
19361 19397 246
19388 19437 167
19400 19450 196
19429 19435 88
19449 19463 46
19456 19498 94
19460 19502 222
19460 19480 14
19466 19470 66
19470 19493 231
19480 19505 41
19490 19538 187
19512 19541 290
19526 19538 57
19526 19549 236
19539 19575 189
19550 19579 206
19578 19608 288
19585 19596 284
19614 19624 254
19636 19670 109
19660 19707 106
19690 19719 178
19692 19722 130
19698 19712 131
19724 19770 300
19731 19738 226
19740 19751 141
19761 19799 106
19778 19812 57
19793 19833 14
19796 19831 29
19813 19849 138
19838 19854 133
19861 19906 198
19877 19889 285
19892 19922 97
19908 19920 228
19933 19956 210
19947 19995 217
19962 19974 140
19967 20000 81
19967 19999 239
19982 20011 162
20011 20040 147
20015 20023 24
20026 20047 175
20035 20070 33
20053 20075 98
20083 20115 119
20102 20149 11
20132 20179 10
20151 20160 185
20181 20200 136
20208 20210 246
20222 20257 157
20237 20240 103
20265 20285 258
20270 20308 20
20274 20314 99
20281 20314 26
20297 20301 22
20297 20311 114
20317 20325 147
20322 20336 280
20336 20351 257
20342 20378 225
20372 20375 114
20402 20421 224
20417 20418 246
20419 20440 12
20426 20441 145
20433 20459 205
20447 20462 193
20466 20472 44
20481 20523 115
20505 20506 266
20524 20551 168
20534 20555 231
20558 20584 7
20574 20592 181
20582 20606 260
20592 20634 73
20614 20662 38
20643 20676 1
20651 20686 226
20665 20712 142
20668 20672 32
20683 20712 296
20701 20716 85
20706 20753 166
20731 20741 188
20755 20787 157
20764 20810 47
20786 20802 32
20806 20813 224
20834 20865 230
20855 20859 80
20864 20883 204
20868 20915 232
20885 20933 88
20915 20954 127
20924 20926 173
20939 20955 252
20952 20964 79
20969 20992 39
20989 21023 15
21015 21062 202
21030 21032 88
21030 21041 86
21036 21044 224
21064 21085 252
21085 21089 220
21097 21139 172
21099 21131 30
21114 21122 231
21122 21152 292
21145 21156 175
21164 21171 148
21181 21200 121
21182 21222 45
21203 21211 216
21216 21233 106
21228 21260 236
21240 21257 246
21269 21297 17
21273 21296 260
21287 21320 71
21313 21347 51
21325 21370 138
21338 21362 59
21354 21404 291
21380 21424 248
21388 21411 43
21393 21399 153
21414 21447 280
21426 21462 167
21438 21477 233
21446 21468 42
21462 21478 19
21477 21486 67
21498 21531 108
21520 21563 102
21538 21572 26
21567 21604 260
21570 21593 300
21592 21611 254
21610 21620 276
21618 21644 208
21638 21652 143
21657 21701 253
21669 21684 167
21688 21693 263
21689 21727 8
21689 21705 5
21709 21714 147
21714 21736 216
21725 21775 276
21730 21737 248
21740 21754 243
21756 21766 24
21769 21807 187
21796 21831 27
21825 21837 189
21834 21868 264
21859 21863 23
21877 21901 219
21877 21917 73
21899 21947 27
21901 21948 104
21926 21960 60
21954 21969 175
21973 22016 132
21979 22021 297
21983 22014 145
21992 22025 248
22001 22020 196
22004 22018 195
22014 22034 264
22042 22087 266
22071 22110 106
22073 22080 11
22095 22113 202
22104 22128 12
22105 22124 194
22108 22153 296
22138 22153 232
22153 22157 118
22166 22210 50
22181 22191 4
22186 22224 229
22212 22225 221
22236 22285 206
22262 22300 191
22268 22301 244
22285 22329 38
22297 22300 135
22322 22333 225
22341 22376 181
22364 22409 272
22373 22393 268
22391 22410 23
22420 22428 192
22449 22478 241
22455 22464 222
22470 22516 244
22496 22510 105
22513 22556 122
22534 22562 240
22535 22583 198
22544 22587 180
22547 22573 87
22550 22567 8
22565 22610 80
22585 22629 31
22615 22623 281
22640 22685 181
22661 22686 220
22682 22729 220
22710 22734 229
22717 22747 102
22718 22725 256
22732 22776 108
22751 22777 296
22769 22808 250
22774 22814 76
22774 22788 3
22790 22804 176
22793 22840 267
22810 22859 28
22819 22842 1
22827 22832 288
22850 22874 234
22869 22888 270
22888 22918 238
22899 22937 254
22919 22969 237
22921 22968 223
22945 22970 40
22945 22964 220
22961 23000 22
22962 23011 9
22964 22982 253
22979 23016 160
22996 22999 265
23013 23056 186
23024 23043 146
23027 23032 59
23029 23077 299
23029 23071 122
23042 23072 168
23064 23081 295
23076 23091 123
23082 23100 272
23093 23108 62
23104 23115 222
23109 23153 184
23114 23125 16
23118 23124 141
23134 23173 277
23137 23148 299
23156 23200 201
23169 23177 123
23193 23226 259
23217 23225 145
23243 23245 11
23244 23260 193
23273 23319 236
23289 23309 148
23319 23340 127
23347 23349 5
23347 23372 85
23356 23372 3
23377 23408 240
23399 23438 117
23418 23425 300
23422 23455 235
23427 23457 225
23449 23494 132
23462 23488 130
23463 23493 165
23486 23506 114
23515 23549 102
23525 23557 200
23551 23592 16
23557 23589 189
23565 23586 175
23594 23605 247
23602 23643 300
23609 23633 4
23632 23665 25
23650 23665 32
23655 23702 132
23665 23708 21
23686 23728 209
23698 23748 259
23728 23740 53
23755 23801 106
23784 23833 104
23803 23852 41
23815 23841 148
23841 23890 224
23848 23880 120
23859 23909 139
23859 23899 209
23867 23891 51
23878 23892 233
23906 23915 43
23931 23966 29
23948 23967 53
23961 23981 256
23977 24012 31
23986 24020 164
23989 24015 52
24000 24045 94
24003 24035 270
24006 24024 101
24025 24048 128
24037 24068 68
24059 24091 8
24087 24113 235
24089 24110 265
24113 24117 203
24115 24131 257
24127 24171 88
24156 24192 275
24170 24177 215
24184 24194 38
24196 24214 116
24209 24241 30
24211 24256 261
24233 24274 34
24240 24248 270
24267 24290 205
24283 24301 277
24292 24324 133
24294 24329 58
24315 24362 72
24336 24379 185
24361 24370 232
24373 24422 232
24403 24426 46
24414 24463 153
24433 24442 242
24449 24473 179
24464 24509 111
24478 24508 115
24479 24488 72
24494 24495 12
24499 24540 169
24506 24545 238
24510 24532 18
24510 24524 158
24519 24529 35
24525 24567 112
24526 24568 207
24548 24562 274
24573 24584 124
24591 24596 213
24604 24654 80
24626 24651 43
24636 24685 154
24651 24671 214
24677 24695 268
24695 24723 177
24699 24726 237
24701 24742 96
24729 24734 103
24754 24796 179
24764 24771 38
24790 24826 259
24819 24867 258
24845 24877 286
24866 24886 143
24873 24884 5
24899 24930 147
24916 24958 218
24923 24967 224
24951 24964 225
24981 24982 105
24999 25011 291
25027 25067 175
25046 25059 186
25047 25048 272
25050 25068 122
25074 25123 293
25092 25105 11
25114 25144 247
25124 25174 168
25143 25164 161
25169 25219 196
25184 25225 36
25197 25245 94
25224 25258 184
25247 25293 195
25276 25284 171
25278 25303 31
25285 25321 169
25302 25312 279
25324 25364 178
25354 25381 63
25363 25377 287
25367 25375 224
25390 25422 300
25396 25404 98
25413 25453 225
25436 25466 183
25462 25510 171
25475 25522 114
25499 25548 112
25503 25532 129
25513 25563 209
25538 25560 263
25552 25583 171
25570 25589 110
25586 25616 228
25608 25626 62
25634 25674 55
25652 25683 236
25665 25704 105
25691 25729 278
25700 25729 72
25713 25760 35
25742 25774 28
25759 25784 52
25780 25828 108
25806 25817 92
25812 25814 271
25841 25854 288
25868 25897 12
25895 25908 110
25917 25942 216
25931 25974 42
25942 25987 58
25959 25979 178
25980 25990 219
25990 26005 132
26009 26051 261
26023 26049 95
26033 26036 167
26056 26068 53
26080 26089 299
26105 26155 71
26124 26152 96
26142 26173 254
26149 26165 83
26149 26180 184
26175 26223 276
26186 26199 92
26198 26236 45
26218 26235 10
26226 26252 225
26230 26255 143
26232 26254 52
26258 26272 134
26279 26310 227
26282 26328 254
26282 26319 230
26294 26303 37
26305 26320 103
26328 26334 281
26344 26367 97
26366 26396 97
26370 26399 173
26370 26392 23
26385 26412 31
26387 26433 128
26399 26424 298
26419 26462 257
26428 26443 222
26435 26470 237
26461 26486 60
26469 26489 103
26487 26537 203
26511 26513 34
26535 26585 41
26550 26555 186
26576 26625 195
26582 26630 207
26593 26634 300
26609 26624 177
26631 26676 26
26631 26638 261
26641 26678 224
26671 26696 232
26671 26685 51
26687 26737 294
26703 26713 132
26715 26763 127
26739 26777 25
26746 26776 279
26748 26764 207
26752 26763 80
26780 26821 266
26791 26813 83
26821 26858 280
26826 26855 263
26829 26832 76
26834 26873 58
26851 26854 81
26854 26875 130
26872 26883 240
26879 26921 255
26885 26919 96
26886 26890 222
26914 26946 253
26921 26964 20
26935 26976 115
26957 26991 80
26978 27004 273
27006 27045 100
27034 27064 190
27034 27046 60
27057 27094 278
27066 27073 151
27072 27113 156
27095 27120 222
27103 27120 280
27124 27141 55
27147 27174 207
27157 27173 220
27174 27205 156
27178 27185 87
27208 27250 140
27215 27265 228
27229 27266 195
27231 27264 242
27250 27275 120
27262 27264 22
27280 27305 95
27295 27301 51
27321 27322 29
27351 27362 210
27367 27401 127
27368 27382 212
27380 27393 15
27388 27403 108
27402 27433 81
27408 27457 82
27435 27474 25
27439 27471 69
27457 27486 239
27466 27468 126
27473 27507 128
27502 27521 92
27525 27549 147
27529 27543 254
27538 27563 187
27551 27553 284
27578 27601 255
27601 27606 241
27631 27668 221
27637 27682 165
27661 27662 105
27670 27711 276
27672 27701 113
27698 27730 199
27713 27755 127
27726 27769 202
27743 27759 297
27758 27764 98
27781 27799 170
27795 27807 295
27802 27833 32
27820 27869 91
27841 27876 232
27847 27881 274
27859 27881 133
27862 27871 199
27875 27897 97
27901 27934 189
27927 27932 48
27957 28006 122
27980 27983 73
27982 28010 276
28004 28020 124
28034 28079 31
28046 28083 224
28050 28059 244
28071 28105 103
28097 28135 229
28112 28153 267
28121 28124 99
28132 28154 135
28150 28160 119
28157 28177 62
28157 28183 166
28158 28170 28
28178 28184 187
28187 28216 91
28196 28241 100
28224 28230 77
28253 28254 214
28272 28296 134
28275 28303 289
28305 28349 196
28307 28331 264
28336 28343 246
28341 28349 182
28358 28367 156
28387 28394 86
28406 28448 83
28424 28432 242
28437 28449 114
28466 28484 155
28471 28472 143
28501 28516 135
28513 28560 207
28538 28576 281
28548 28575 7
28576 28614 286
28605 28644 68
28625 28639 270
28645 28646 233
28669 28719 169
28679 28725 236
28707 28711 161
28735 28737 144
28763 28789 189
28787 28800 177
28808 28854 67
28827 28852 212
28831 28851 180
28837 28856 176
28839 28846 133
28862 28878 297
28888 28919 20
28895 28940 282
28920 28923 42
28934 28949 84
28942 28980 153
28944 28952 122
28953 28958 161
28962 28977 272
28990 29027 177
29001 29049 231
29004 29034 192
29025 29028 238
29043 29045 254
29049 29081 115
29049 29066 43
29051 29077 182
29074 29114 256
29086 29093 34
29086 29122 93
29092 29096 155
29114 29127 224
29144 29156 55
29163 29171 105
29166 29192 237
29174 29211 71
29183 29233 116
29199 29233 171
29208 29256 25
29213 29256 78
29239 29248 106
29250 29281 65
29260 29287 165
29269 29313 34
29282 29319 123
29311 29356 37
29325 29332 216
29327 29369 156
29347 29350 235
29353 29382 134
29375 29390 108
29403 29439 202
29431 29467 287
29438 29453 143
29453 29479 94
29477 29524 31
29507 29545 185
29514 29523 245
29518 29553 282
29534 29566 19
29549 29588 210
29570 29572 151
29570 29579 255
29596 29643 261
29622 29655 143
29645 29662 16
29674 29724 280
29690 29713 140
29719 29732 139
29747 29769 16
29756 29786 274
29763 29800 138
29768 29812 170
29776 29788 295
29800 29836 136
29817 29832 114
29844 29849 226
29870 29915 169
29874 29892 25
29880 29909 148
29904 29918 161
29930 29961 158
29957 29975 164
29987 30034 270
30010 30035 299
30027 30037 209
30027 30037 287
30045 30067 52
30047 30077 298
30076 30102 216
30078 30104 250
30091 30139 135
30104 30148 187
30129 30162 177
30156 30191 10
30184 30220 233
30198 30201 266
30200 30206 278
30230 30233 253
30253 30276 292
30253 30278 200
30266 30311 110
30267 30298 39
30269 30300 278
30277 30287 221
30278 30292 193
30293 30330 204
30310 30352 201
30318 30335 221
30330 30349 163
30332 30371 103
30352 30370 179
30380 30391 227
30384 30413 150
30407 30434 284
30434 30436 74
30441 30459 44
30452 30488 176
30465 30509 268
30465 30498 217
30467 30507 119
30476 30486 120
30490 30533 115
30503 30542 70
30529 30537 52
30548 30570 3
30566 30583 159
30589 30618 125
30589 30623 108
30609 30627 264
30618 30622 90
30640 30681 214
30656 30674 27
30667 30673 182
30672 30694 76
30681 30712 180
30683 30724 172
30708 30727 177
30709 30722 184
30718 30749 80
30742 30762 11
30749 30770 52
30772 30817 195
30787 30805 60
30810 30833 245
30818 30843 55
30837 30864 28
30844 30870 66
30856 30899 165
30864 30878 141
30894 30935 171
30896 30939 260
30902 30933 284
30932 30953 240
30947 30952 94
30959 30993 161
30974 30980 189
30992 31019 234
31004 31028 32
31025 31059 244
31045 31054 26
31046 31048 77
31071 31082 296
31087 31108 39
31099 31131 3
31103 31139 112
31117 31150 78
31138 31148 233
31142 31151 29
31169 31216 204
31199 31245 194
31209 31212 89
31238 31241 92
31257 31262 26
31257 31279 224
31275 31321 187
31278 31283 228
31280 31291 41
31305 31320 285
31306 31353 264
31327 31371 205
31330 31364 160
31331 31343 161
31332 31335 288
31337 31344 44
31350 31354 241
31351 31387 166
31370 31405 21
31388 31422 271
31388 31421 148
31404 31436 2
31418 31452 73
31433 31442 204
31441 31444 173
31468 31481 249
31470 31480 188
31500 31528 69
31525 31558 151
31533 31581 68
31544 31559 103
31567 31578 245
31595 31602 223
31613 31644 219
31617 31651 32
31646 31650 43
31668 31714 165
31682 31693 163
31689 31693 4
31713 31757 265
31740 31761 71
31769 31785 175
31781 31813 122
31804 31829 165
31819 31857 126
31833 31875 113
31852 31885 154
31855 31900 217
31871 31902 249
31886 31920 222
31916 31918 238
31937 31976 252
31939 31972 152
31944 31981 52
31964 32013 114
31985 32010 278
32015 32060 166
32039 32057 24
32050 32079 236
32064 32082 188
32073 32108 32
32100 32130 225
32128 32134 265
32135 32159 11
32163 32184 245
32186 32198 199
32198 32220 235
32200 32226 268
32201 32205 246
32206 32255 262
32234 32263 252
32245 32267 237
32251 32275 123
32261 32309 281
32279 32317 172
32301 32311 295
32313 32331 139
32313 32361 226
32328 32350 145
32340 32359 182
32352 32364 120
32366 32410 72
32387 32434 291
32394 32442 266
32413 32436 290
32433 32469 237
32438 32474 163
32439 32489 72
32461 32466 194
32461 32496 118
32464 32514 289
32483 32514 108
32498 32534 204
32524 32529 124
32554 32582 144
32566 32568 107
32581 32584 265
32593 32634 221
32596 32613 286
32618 32665 299
32628 32633 63
32658 32696 110
32661 32679 209
32688 32720 119
32699 32748 265
32719 32727 213
32735 32773 224
32747 32777 60
32755 32761 101
32770 32797 261
32777 32798 252
32780 32798 184
32807 32826 235
32837 32873 134
32860 32895 28
32875 32880 89
32904 32913 124
32924 32949 244
32938 32952 57
32965 32996 124
32985 32989 165
32991 33041 150
32995 33039 114
33020 33060 270
33033 33077 83
33053 33097 75
33057 33107 190
33070 33096 288
33084 33120 151
33090 33101 126
33099 33132 270
33124 33145 226
33152 33169 283
33181 33223 224
33192 33207 110
33217 33232 230
33242 33247 230
33245 33295 16
33249 33296 280
33272 33277 297
33290 33292 80
33304 33350 270
33315 33357 171
33334 33357 177
33338 33364 236
33345 33376 146
33372 33408 113
33383 33402 248
33385 33416 44
33403 33412 61
33404 33434 21
33429 33475 8
33433 33468 201
33436 33470 225
33446 33481 139
33473 33475 7
33498 33526 1
33502 33517 221
33526 33557 195
33540 33555 72
33540 33589 172
33557 33602 58
33583 33625 274
33611 33646 208
33639 33653 192
33663 33698 154
33665 33693 205
33690 33728 195
33707 33717 179
33722 33729 53
33728 33769 165
33740 33789 105
33752 33758 81
33753 33773 188
33762 33811 144
33762 33808 167
33765 33808 172
33791 33835 86
33817 33849 66
33839 33846 89
33839 33851 293
33860 33865 185
33880 33918 26
33896 33932 219
33903 33945 26
33931 33967 5
33960 33963 176
33963 33998 155
33981 33983 283
34006 34007 156
34030 34059 60
34033 34050 64
34050 34066 43
34056 34061 179
34061 34096 276
34085 34120 176
34097 34132 161
34107 34111 114
34137 34169 84
34146 34152 109
34174 34204 152
34175 34176 74
34187 34211 77
34208 34244 170
34234 34247 273
34246 34277 277
34260 34276 6
34270 34297 80
34299 34316 244
34312 34352 140
34321 34323 30
34322 34347 207
34341 34373 18
34345 34364 192
34368 34406 177
34390 34437 147
34411 34435 269
34423 34457 27
34439 34440 241
34461 34484 286
34478 34500 86
34486 34490 135
34514 34556 227
34530 34531 263
34551 34567 25
34564 34604 170
34573 34583 59
34592 34630 178
34614 34641 139
34642 34688 115
34644 34657 15
34665 34691 198
34680 34708 35
34710 34753 89
34735 34752 181
34754 34769 132
34783 34823 15
34812 34820 47
34823 34855 36
34839 34861 70
34853 34888 288
34866 34909 230
34866 34912 41
34877 34895 196
34880 34883 173
34899 34949 41
34919 34951 136
34919 34937 207
34923 34949 49
34929 34951 260
34957 34972 19
34971 35017 99
34985 35004 46
35005 35011 91
35030 35049 261
35048 35082 143
35077 35119 152
35080 35116 54
35095 35100 48
35106 35123 78
35115 35138 92
35137 35162 154
35141 35161 223
35167 35177 235
35180 35220 114
35208 35236 178
35216 35240 130
35220 35253 80
35239 35260 102
35261 35269 289
35282 35289 216
35301 35341 104
35317 35325 82
35332 35355 45
35338 35342 48
35340 35368 87
35349 35396 284
35350 35388 52
35355 35365 218
35382 35391 153
35392 35405 19
35420 35437 87
35446 35483 54
35455 35504 272
35485 35500 41
35504 35529 222
35508 35520 206
35525 35555 148
35545 35578 172
35557 35577 123
35576 35583 28
35604 35628 166
35625 35663 33
35634 35678 215
35649 35654 181
35651 35663 50
35673 35707 207
35682 35720 60
35685 35707 299
35699 35725 183
35728 35742 249
35731 35751 119
35742 35767 231
35742 35775 104
35743 35765 30
35749 35784 154
35771 35772 224
35789 35820 197
35816 35832 285
35833 35873 267
35857 35906 93
35870 35896 267
35871 35886 206
35892 35907 35
35898 35938 71
35909 35924 149
35912 35925 282
35915 35927 180
35931 35980 209
35944 35985 123
35966 35968 5
35993 36017 192
36010 36055 67
36027 36066 277
36040 36049 104
36042 36066 84
36061 36088 251
36079 36114 90
36090 36103 68
36105 36154 58
36121 36169 245
36123 36143 157
36130 36147 179
36133 36178 144
36159 36204 85
36167 36187 183
36175 36221 243
36185 36220 150
36207 36246 223
36228 36261 253
36245 36290 36
36260 36271 176
36284 36326 70
36292 36317 265
36310 36325 170
36330 36342 104
36334 36338 51
36353 36400 157
36382 36389 12
36410 36435 67
36438 36447 232
36453 36454 5
36482 36504 44
36499 36509 156
36528 36551 168
36540 36542 21
36564 36609 87
36572 36602 126
36602 36617 264
36621 36663 3
36637 36669 122
36661 36679 226
36691 36728 15
36708 36740 107
36723 36737 3
36749 36775 167
36770 36774 8
36800 36850 217
36829 36857 110
36847 36857 68
36874 36884 52
36878 36913 84
36898 36937 222
36919 36930 63
36942 36960 294
36966 36990 124
36989 37011 223
36999 37048 55
37029 37050 27
37034 37082 149
37051 37076 69
37069 37116 173
37087 37116 220
37087 37105 127
37099 37128 211
37117 37152 67
37123 37169 222
37150 37178 193
37180 37194 40
37184 37192 169
37194 37205 12
37210 37236 168
37223 37252 88
37228 37273 177
37248 37269 270
37257 37281 196
37286 37296 272
37307 37348 146
37327 37351 277
37338 37355 121
37361 37371 69
37379 37418 185
37409 37443 37
37425 37440 199
37437 37478 273
37449 37492 230
37460 37466 11
37487 37505 178
37492 37526 168
37498 37547 246
37505 37520 62
37514 37538 59
37543 37587 148
37568 37576 102
37574 37596 130
37580 37626 176
37597 37634 241
37600 37602 22
37609 37619 123
37613 37627 285
37643 37688 164
37653 37668 285
37656 37693 118
37660 37710 1
37666 37678 189
37683 37688 141
37693 37740 38
37693 37704 79
37710 37742 61
37720 37742 87
37737 37751 29
37750 37776 205
37774 37802 3
37799 37815 14
37800 37827 117
37802 37847 283
37810 37850 214
37839 37872 202
37853 37890 67
37867 37880 236
37869 37893 11
37878 37900 221
37881 37913 234
37897 37899 267
37916 37918 274
37938 37964 294
37963 37983 9
37986 38022 150
38008 38019 144
38035 38083 151
38057 38082 98
38064 38073 274
38079 38101 154
38082 38132 179
38089 38105 171
38094 38098 52
38098 38145 164
38110 38123 2
38113 38144 166
38116 38164 270
38124 38142 47
38138 38186 98
38156 38159 3
38163 38170 266
38170 38183 82
38189 38202 189
38203 38241 17
38217 38219 27
38234 38242 121
38239 38282 28
38249 38292 246
38275 38318 2
38285 38331 54
38308 38335 218
38312 38354 101
38314 38325 271
38336 38353 114
38362 38386 117
38387 38399 298
38407 38441 138
38432 38471 98
38462 38488 178
38464 38478 23
38479 38490 250
38494 38521 43
38512 38550 118
38531 38540 50
38546 38572 86
38547 38570 213
38570 38584 241
38587 38620 258
38593 38596 178
38608 38635 35
38628 38661 224
38639 38681 163
38644 38661 224
38657 38680 55
38673 38721 90
38691 38715 121
38717 38750 100
38742 38788 299
38743 38775 240
38748 38781 199
38755 38777 170
38768 38812 43
38776 38819 185
38791 38793 223
38798 38841 286
38811 38814 190
38830 38877 99
38830 38848 90
38843 38885 263
38853 38893 62
38865 38880 163
38891 38941 66
38903 38944 264
38903 38917 143
38923 38969 290
38937 38949 296
38939 38954 83
38961 39004 58
38967 38988 248
38990 39015 44
39004 39052 242
39023 39052 32
39025 39035 32
39054 39067 87
39081 39093 235
39093 39118 125
39120 39147 3
39137 39163 225
39152 39188 190
39174 39200 201
39194 39224 97
39194 39231 8
39215 39218 174
39223 39239 107
39229 39267 273
39244 39248 259
39257 39265 126
39258 39265 82
39265 39277 88
39290 39328 179
39315 39365 239
39343 39384 194
39362 39375 157
39362 39408 39
39378 39400 11
39397 39430 170
39414 39439 32
39431 39442 82
39435 39449 146
39457 39461 100
39485 39496 166
39510 39513 4
39532 39553 206
39544 39557 44
39561 39607 236
39589 39615 122
39603 39610 300
39625 39646 174
39626 39658 232
39631 39679 121
39636 39645 51
39660 39703 124
39690 39708 163
39701 39718 145
39701 39722 21
39713 39763 76
39740 39768 197
39747 39760 119
39756 39778 137
39782 39816 259
39809 39819 191
39812 39858 39
39819 39843 8
39843 39846 83
39868 39881 30
39871 39877 48
39900 39903 38
39906 39943 291
39923 39969 105
39939 39978 168
39967 39981 38
39977 40017 42
40000 40043 256
40026 40032 85
40031 40081 117
40060 40063 268
40071 40104 14
40088 40098 43
40113 40132 22
40122 40170 169
40137 40176 54
40162 40166 279
40173 40186 26
40195 40217 280
40207 40215 171
40207 40242 204
40208 40225 43
40233 40282 284
40256 40297 7
40275 40321 99
40289 40328 209
40298 40302 15
40305 40323 1
40313 40341 247
40331 40375 68
40346 40380 186
40373 40403 71
40373 40386 10
40397 40406 20
40422 40423 241
40441 40462 268
40452 40485 190
40463 40504 35
40481 40493 78
40505 40543 111
40531 40569 40
40546 40586 296
40550 40583 79
40572 40587 107
40593 40640 191
40620 40666 80
40645 40647 197
40649 40667 29
40668 40691 31
40677 40700 194
40701 40713 271
40712 40746 66
40716 40758 114
40723 40769 41
40727 40763 225
40727 40755 75
40751 40764 110
40756 40760 163
40785 40787 278
40802 40826 261
40831 40840 82
40831 40841 94
40851 40852 170
40880 40926 42
40909 40911 183
40938 40951 18
40954 40966 188
40961 40983 25
40967 40973 154
40992 41037 173
40999 41023 295
41011 41059 169
41015 41032 166
41021 41029 1
41051 41086 214
41071 41079 246
41101 41132 74
41131 41161 170
41135 41142 90
41156 41191 271
41156 41200 57
41157 41204 267
41158 41162 298
41168 41212 27
41171 41182 196
41201 41245 121
41217 41248 52
41223 41250 53
41226 41269 277
41239 41274 87
41256 41296 264
41268 41318 53
41270 41284 248
41295 41328 71
41322 41352 142
41334 41355 274
41334 41379 95
41364 41372 26
41380 41418 13
41383 41419 159
41393 41439 149
41393 41407 22
41394 41424 36
41412 41433 65
41417 41439 219
41417 41419 104
41431 41432 53
41439 41449 175
41455 41502 50
41476 41521 262
41478 41504 93
41478 41491 109
41499 41537 66
41505 41521 213
41505 41543 125
41509 41544 188
41509 41552 104
41532 41536 112
41561 41586 260
41578 41617 91
41602 41613 259
41607 41644 87
41610 41624 12
41634 41682 243
41648 41688 279
41673 41684 52
41700 41743 85
41711 41754 274
41728 41752 65
41732 41759 44
41751 41788 244
41760 41775 15
41760 41802 171
41783 41819 27
41813 41851 5
41817 41849 74
41826 41838 99
41841 41849 58
41842 41860 98
41867 41877 285
41892 41923 128
41917 41930 237
41932 41981 198
41960 41991 226
41990 41997 171
42000 42043 27
42029 42035 46
42045 42068 54
42066 42098 54
42066 42070 154
42071 42114 104
42091 42120 2
42097 42116 132
42107 42133 221
42130 42172 201
42154 42177 270
42167 42216 208
42179 42184 10
42190 42197 221
42195 42224 116
42215 42249 48
42243 42250 7
42272 42312 298
42293 42341 143
42304 42346 115
42319 42363 218
42335 42373 141
42348 42352 90
42349 42391 65
42364 42367 216
42382 42396 165
42382 42422 62
42411 42416 117
42438 42439 94
42461 42508 9
42486 42524 131
42490 42501 55
42519 42564 139
42549 42558 102
42568 42608 5
42598 42605 227
42625 42674 37
42653 42673 257
42658 42702 138
42668 42712 18
42668 42698 109
42685 42733 3
42702 42703 229
42703 42710 297
42732 42743 200
42736 42746 121
42764 42803 129
42789 42833 10
42814 42835 258
42834 42850 241
42852 42877 71
42860 42862 108
42865 42902 155
42872 42921 170
42879 42915 243
42903 42945 184
42914 42942 96
42928 42948 104
42953 42966 217
42953 42962 120
42976 42986 11
42991 42995 24
43019 43046 130
43026 43027 44
43047 43058 156
43057 43107 247
43077 43092 171
43103 43144 299
43128 43172 80
43148 43166 109
43166 43213 225
43196 43233 242
43205 43209 114
43212 43227 235
43213 43232 21
43240 43280 43
43242 43260 12
43248 43254 258
43273 43278 199
43282 43289 79
43297 43326 146
43305 43346 103
43334 43338 264
43334 43343 122
43358 43401 255
43371 43381 184
43382 43396 6
43405 43416 181
43407 43430 101
43418 43462 171
43420 43466 261
43449 43467 99
43468 43483 54
43490 43501 215
43511 43535 102
43537 43584 268
43542 43571 102
43563 43598 207
43570 43573 165
43581 43598 157
43587 43607 207
43596 43625 6
43617 43650 266
43642 43683 168
43654 43678 227
43673 43699 70
43688 43706 287
43703 43708 237
43711 43729 71
43737 43766 138
43745 43758 109
43763 43807 99
43783 43807 174
43803 43811 155
43805 43834 118
43817 43837 113
43825 43863 196
43831 43834 188
43836 43859 59
43866 43911 87
43868 43918 59
43887 43912 229
43909 43939 91
43928 43943 201
43953 43993 155
43978 44013 298
43999 44022 28
44019 44068 99
44025 44035 148
44030 44040 279
44049 44091 111
44063 44070 92
44084 44131 14
44087 44096 126
44107 44137 102
44126 44128 176
44148 44183 158
44168 44178 111
44188 44235 97
44215 44227 199
44235 44257 182
44258 44305 248
44263 44275 107
44289 44334 27
44307 44342 13
44325 44372 181
44329 44358 101
44344 44387 292
44345 44374 111
44348 44396 194
44351 44362 51
44352 44363 92
44358 44402 33
44361 44383 46
44391 44404 217
44414 44426 104
44434 44463 292
44445 44471 60
44445 44461 276
44454 44483 11
44480 44503 230
44498 44539 230
44522 44543 270
44536 44569 67
44556 44557 39
44583 44616 46
44596 44624 227
44610 44615 80
44611 44633 2
44639 44654 289
44643 44674 298
44646 44679 273
44657 44705 121
44663 44684 265
44663 44711 10
44687 44692 27
44690 44721 248
44697 44733 257
44697 44713 225
44707 44739 193
44718 44739 291
44720 44764 179
44723 44730 110
44751 44780 288
44751 44767 260
44763 44777 6
44776 44806 58
44798 44829 124
44809 44830 218
44821 44866 61
44848 44859 176
44876 44898 216
44902 44925 266
44915 44927 258
44922 44952 228
44934 44960 204
44942 44944 155
44967 44994 273
44979 45013 292
44982 45017 249
45005 45037 67
45027 45049 20
45053 45089 75
45054 45098 91
45055 45098 148
45085 45128 60
45114 45164 213
45136 45150 218
45152 45201 125
45165 45199 120
45189 45197 90
45202 45220 100
45220 45250 99
45245 45263 74
45259 45268 81
45275 45317 13
45290 45334 28
45292 45324 205
45310 45358 128
45310 45355 185
45340 45350 114
45351 45391 175
45375 45392 279
45381 45421 2
45397 45437 176
45397 45416 134
45425 45458 53
45446 45481 160
45453 45455 189
45473 45494 41
45492 45498 116
45520 45550 4
45542 45568 178
45571 45612 107
45598 45602 110
45607 45626 247
45627 45657 287
45636 45673 91
45656 45705 276
45672 45690 285
45681 45723 161
45682 45683 16
45689 45699 95
45690 45732 209
45692 45699 71
45696 45740 105
45719 45764 144
45748 45777 215
45776 45809 189
45801 45822 244
45812 45837 155
45814 45824 177
45839 45862 221
45840 45867 231
45846 45849 247
45855 45864 8
45873 45897 6
45885 45914 200
45890 45913 292
45916 45923 29
45941 45981 52
45949 45995 162
45955 45970 213
45982 45998 183
45988 46038 72
46010 46038 121
46038 46079 177
46055 46076 269
46071 46101 229
46073 46077 231
46089 46097 284
46096 46135 36
46123 46134 265
46124 46144 66
46153 46199 48
46164 46186 83
46178 46220 255
46197 46222 49
46207 46226 84
46235 46268 282
46244 46265 93
46251 46270 193
46255 46293 276
46278 46294 148
46303 46304 108
46310 46346 230
46335 46345 38
46348 46388 174
46374 46413 134
46394 46414 262
46424 46444 89
46454 46470 193
46467 46490 53
46482 46484 136
46493 46542 68
46521 46549 227
46538 46562 51
46561 46595 207
46584 46595 246
46593 46631 35
46608 46621 223
46630 46636 148
46646 46670 16
46676 46710 121
46689 46731 33
46718 46756 17
46718 46741 53
46728 46772 81
46736 46747 25
46766 46793 124
46774 46794 250
46792 46824 293
46818 46849 219
46825 46865 93
46842 46883 117
46844 46890 133
46845 46892 271
46865 46872 100
46869 46892 171
46873 46890 4
46883 46926 144
46889 46896 292
46903 46943 154
46919 46931 221
46928 46949 275
46942 46951 51
46964 46987 265
46976 46981 36
47000 47014 210
47017 47053 267
47039 47083 212
47046 47088 2
47071 47082 53
47092 47094 192
47109 47147 50
47120 47132 90
47147 47186 151
47158 47182 133
47170 47194 26
47189 47211 243
47192 47241 286
47208 47242 30
47227 47239 139
47235 47261 246
47250 47287 286
47253 47265 201
47266 47310 211
47283 47284 34
47287 47293 175
47294 47297 78
47305 47350 56
47316 47347 263
47332 47382 294
47354 47376 274
47365 47397 26
47386 47400 171
47389 47390 65
47395 47413 17
47408 47451 258
47413 47415 277
47441 47489 56
47449 47482 60
47473 47523 213
47476 47518 226
47480 47485 188
47498 47545 54
47503 47551 113
47528 47560 179
47540 47560 271
47569 47595 223
47589 47618 112
47619 47630 185
47630 47664 192
47650 47690 128
47661 47706 229
47683 47718 253
47698 47729 65
47712 47715 132
47712 47751 70
47736 47756 69
47765 47813 13
47770 47783 34
47786 47820 136
47812 47828 180
47821 47870 61
47846 47889 290
47868 47876 95
47884 47930 169
47900 47903 114
47929 47939 60
47949 47998 45
47970 47982 120
47994 48027 42
48007 48054 149
48012 48040 140
48022 48040 232
48029 48055 93
48046 48082 298
48066 48098 215
48089 48090 126
48104 48114 238
48116 48118 151
48119 48162 282
48126 48175 105
48138 48152 283
48161 48199 260
48171 48217 203
48191 48241 166
48211 48243 20
48215 48229 159
48242 48285 3
48262 48270 27
48275 48308 195
48304 48344 82
48329 48359 211
48347 48361 59
48373 48383 187
48380 48409 215
48410 48432 246
48412 48422 35
48417 48450 239
48437 48445 182
48437 48452 258
48449 48483 107
48474 48494 247
48490 48519 142
48493 48527 190
48498 48540 271
48513 48544 139
48517 48558 159
48540 48561 165
48551 48588 23
48571 48580 174
48593 48633 31
48594 48607 177
48596 48615 225
48608 48624 77
48626 48657 240
48640 48685 121
48644 48687 232
48658 48695 82
48668 48703 279
48673 48692 240
48691 48736 103
48691 48720 149
48718 48746 79
48738 48761 37
48746 48767 275
48773 48804 280
48797 48839 23
48808 48827 39
48832 48871 152
48862 48869 93
48872 48921 101
48890 48922 200
48890 48911 26
48899 48939 59
48903 48936 113
48912 48946 27
48941 48980 178
48950 48991 175
48977 49009 126
48984 49031 161
48992 48995 49
49003 49051 270
49018 49053 66
49040 49052 219
49045 49059 243
49068 49110 244
49084 49094 6
49090 49104 4
49092 49127 192
49122 49140 112
49130 49153 62
49157 49173 98
49187 49223 298
49209 49216 110
49221 49236 44
49225 49237 166
49230 49266 51
49254 49271 169
49269 49272 35
49293 49295 104
49293 49340 102
49317 49338 242
49321 49338 16
49345 49390 152
49364 49367 108
49364 49385 124
49375 49412 261
49385 49405 210
49405 49410 253
49407 49410 125
49436 49470 188
49464 49475 297
49468 49498 134
49469 49477 132
49490 49502 61
49499 49521 229
49509 49546 283
49534 49537 240
49548 49568 4
49554 49595 71
49560 49581 268
49562 49599 102
49574 49613 194
49601 49637 147
49625 49644 127
49643 49681 107
49658 49683 183
49669 49674 217
49671 49693 171
49689 49691 103
49690 49694 269
49704 49747 46
49727 49770 191
49734 49778 248
49751 49775 138
49760 49764 279
49779 49818 248
49800 49824 30
49821 49824 248
49823 49838 191
49827 49844 299
49838 49849 174
49843 49849 12
49869 49900 35
49894 49898 247
49896 49928 162
49903 49937 94
49918 49955 180
49924 49963 106
49937 49984 99
49967 49991 208
49984 50012 9
49991 50023 24
50021 50059 209
50043 50056 84
50046 50076 7
50074 50102 232
50095 50100 206
50102 50132 280
50122 50143 133
50127 50177 64
50127 50144 197
50129 50152 137
50159 50177 289
50174 50197 91
50176 50204 138
50203 50220 287
50203 50244 270
50230 50260 20
50246 50287 13
50246 50247 46
50266 50309 134
50284 50328 136
50312 50358 69
50328 50378 77
50348 50389 173
50355 50357 207
50365 50366 238
50392 50418 58
50398 50411 32
50419 50421 58
50427 50468 20
50442 50470 249
50443 50465 20
50465 50511 23
50487 50509 253
50504 50521 169
50532 50551 241
50533 50554 172
50547 50589 227
50557 50568 118
50563 50577 98
50586 50609 162
50603 50604 293
50604 50623 218
50611 50658 227
50633 50657 292
50643 50666 227
50673 50693 93
50673 50721 190
50673 50682 285
50694 50740 124
50704 50740 93
50722 50764 59
50729 50763 114
50747 50759 5
50755 50770 24
50765 50806 66
50771 50799 285
50787 50820 8
50804 50851 44
50824 50864 87
50834 50842 200
50853 50881 85
50882 50889 224
50894 50908 164
50907 50921 283
50911 50940 254
50913 50963 35
50933 50947 102
50952 50953 105
50971 51001 283
50987 51008 300
51011 51058 290
51029 51074 43
51048 51097 60
51061 51078 146
51072 51098 167
51097 51131 198
51121 51130 249
51144 51189 147
51151 51173 234
51177 51191 206
51189 51206 156
51208 51255 284
51233 51281 1
51235 51261 61
51250 51284 139
51275 51304 198
51297 51317 85
51304 51343 139
51331 51333 83
51334 51376 145
51362 51394 285
51388 51435 115
51402 51443 289
51424 51462 72
51428 51465 79
51441 51487 289
51457 51460 8
51470 51519 220
51485 51529 265
51498 51505 31
51517 51553 97
51547 51580 153
51554 51576 130
51560 51596 175
51586 51607 91
51612 51635 254
51637 51654 139
51638 51661 193
51662 51686 203
51669 51719 49
51697 51717 183
51710 51718 260
51715 51756 103
51733 51761 296
51761 51773 165
51777 51812 257
51779 51817 299
51791 51793 291
51802 51844 125
51824 51860 13
51851 51889 139
51860 51882 250
51888 51919 254
51913 51926 214
51926 51974 204
51926 51948 87
51956 51983 94
51982 51998 234
51991 51994 190
52008 52055 188
52026 52061 156
52032 52039 156
52050 52089 91
52060 52061 6
52084 52114 224
52108 52132 277
52120 52125 174
52122 52129 172
52131 52141 81
52154 52179 29
52171 52202 295
52198 52234 204
52198 52203 257
52207 52241 175
52213 52255 33
52226 52234 221
52231 52247 72
52245 52252 205
52260 52295 111
52288 52298 170
52288 52292 235
52298 52331 156
52315 52346 32
52339 52342 181
52341 52363 180
52351 52394 25
52354 52359 117
52368 52411 228
52385 52386 255
52410 52412 257
52426 52474 159
52455 52458 109
52471 52483 179
52486 52527 208
52503 52529 194
52531 52545 178
52542 52576 165
52550 52580 286
52574 52580 114
52584 52630 51
52600 52631 39
52629 52672 219
52644 52645 239
52646 52647 121
52672 52719 41
52692 52738 47
52700 52732 292
52716 52760 169
52731 52737 124
52747 52777 199
52753 52759 51
52759 52785 49
52780 52825 20
52801 52849 71
52803 52817 73
52822 52827 77
52827 52840 214
52829 52863 89
52841 52880 142
52862 52882 51
52866 52895 9
52868 52878 291
52896 52938 97
52916 52954 243
52935 52953 176
52946 52995 33
52963 52994 168
52975 53015 21
52975 52992 260
53003 53023 49
53021 53052 153
53033 53053 251
53044 53092 217
53066 53102 31
53066 53088 119
53084 53089 201
53099 53102 39
53104 53110 3
53124 53131 194
53140 53176 110
53162 53168 117
53162 53190 140
53172 53178 151
53180 53229 59
53200 53219 209
53210 53213 255
53213 53239 50
53218 53233 181
53238 53281 134
53244 53283 281
53258 53301 219
53262 53294 212
53291 53292 254
53299 53305 47
53329 53358 272
53338 53378 216
53358 53367 160
53363 53406 86
53381 53409 299
53384 53433 219
53403 53424 294
53433 53483 203
53438 53478 130
53466 53501 70
53496 53502 88
53504 53511 224
53513 53530 167
53517 53519 222
53521 53567 41
53524 53531 156
53525 53538 273
53527 53575 30
53550 53557 20
53570 53590 65
53571 53581 284
53579 53584 53
53608 53650 186
53617 53637 89
53644 53653 191
53644 53649 299
53651 53693 61
53658 53687 234
53670 53700 38
53696 53735 208
53697 53740 84
53712 53735 159
53719 53743 88
53743 53764 12
53747 53781 268
53759 53777 159
53767 53789 159
53794 53809 11
53806 53828 183
53824 53847 2
53851 53863 77
53860 53881 293
53888 53901 137
53903 53948 79
53913 53933 57
53927 53959 101
53930 53949 20
53932 53959 67
53961 53999 224
53986 54008 126
54002 54016 48
54032 54035 238
54059 54093 284
54087 54102 27
54105 54127 254
54135 54178 74
54139 54155 177
54154 54174 264
54175 54202 231
54178 54184 174
54178 54193 16
54206 54226 261
54223 54227 153
54244 54288 239
54265 54273 106
54279 54287 105
54296 54336 150
54311 54339 179
54322 54371 202
54333 54334 96
54350 54365 50
54373 54417 41
54398 54435 25
54411 54430 106
54419 54460 41
54425 54431 183
54443 54447 165
54449 54467 5
54450 54472 66
54461 54476 280
54481 54514 180
54489 54518 61
54508 54542 76
54526 54573 69
54531 54540 202
54555 54570 189
54564 54565 124
54591 54611 156
54591 54593 249
54599 54615 104
54605 54624 135
54635 54678 230
54660 54683 249
54685 54708 271
54695 54719 109
54704 54725 118
54711 54725 164
54741 54749 213
54752 54771 129
54767 54785 162
54792 54804 37
54798 54825 208
54808 54823 250
54837 54876 224
54858 54868 92
54862 54908 290
54887 54911 124
54917 54937 111
54918 54966 243
54927 54944 2
54933 54955 254
54961 54990 8
54962 54980 106
54966 54969 121
54990 55005 279
55019 55051 11
55046 55061 273
55066 55113 171
55067 55095 230
55085 55095 178
55103 55124 119
55121 55149 59
55148 55183 67
55162 55180 254
55168 55180 221
55196 55207 270
55203 55245 11
55225 55254 37
55233 55269 295
55239 55270 250
55243 55273 109
55243 55247 178
55244 55292 202
55263 55310 208
55270 55273 195
55275 55308 217
55288 55299 249
55307 55329 125
55320 55329 105
55342 55358 196
55356 55391 208
55374 55376 299
55385 55422 98
55390 55424 90
55395 55443 2
55410 55424 286
55440 55489 38
55458 55459 134
55482 55495 251
55486 55509 122
55515 55519 92
55525 55548 112
55530 55542 170
55557 55570 92
55584 55594 192
55596 55628 146
55626 55642 61
55639 55680 263
55661 55664 209
55667 55693 204
55695 55729 33
55703 55710 265
55731 55737 286
55732 55770 158
55738 55766 232
55741 55748 253
55758 55780 246
55766 55815 148
55769 55809 249
55787 55832 202
55804 55809 229
55815 55863 192
55816 55817 272
55825 55855 265
55844 55847 137
55865 55887 159
55867 55887 134
55885 55925 30
55912 55941 274
55932 55959 50
55956 56002 93
55975 55997 269
55989 56023 237
56008 56039 102
56011 56019 159
56041 56055 19
56067 56070 90
56096 56097 144
56101 56139 67
56131 56136 147
56144 56182 130
56159 56198 251
56160 56189 270
56165 56175 79
56166 56213 112
56195 56240 143
56198 56209 11
56218 56248 271
56229 56253 5
56233 56259 298
56262 56272 161
56283 56328 86
56292 56305 179
56320 56328 296
56336 56353 213
56350 56390 232
56368 56410 265
56397 56422 89
56398 56428 26
56425 56432 70
56425 56474 253
56435 56479 148
56460 56472 148
56489 56498 129
56517 56547 240
56539 56549 85
56567 56587 88
56581 56592 13
56598 56628 230
56598 56612 266
56607 56621 270
56612 56620 234
56623 56661 180
56628 56655 63
56634 56638 230
56639 56663 186
56644 56686 32
56648 56673 189
56648 56655 287
56673 56689 206
56689 56732 230
56719 56734 278
56731 56779 103
56750 56757 42
56756 56758 54
56775 56799 170
56802 56849 113
56804 56832 223
56833 56874 235
56858 56882 209
56880 56901 73
56890 56922 56
56890 56934 144
56902 56939 108
56926 56964 145
56926 56938 87
56952 56970 41
56961 56980 31
56963 56980 57
56971 56979 233
56995 57009 3
56995 57021 213
57000 57048 31
57004 57028 201
57028 57070 39
57029 57032 278
57051 57090 170
57067 57076 67
57069 57088 42
57073 57118 100
57088 57121 76
57106 57107 281
57136 57150 103
57166 57207 176
57177 57195 49
57192 57241 263
57207 57216 86
57237 57274 40
57241 57269 170
57262 57266 274
57267 57284 300
57276 57305 190
57301 57327 299
57302 57326 264
57307 57323 277
57324 57348 135
57336 57362 205
57363 57391 201
57366 57385 84
57376 57409 267
57389 57395 108
57397 57407 224
57415 57453 267
57434 57454 12
57451 57482 288
57469 57482 37
57484 57505 122
57509 57535 99
57515 57523 167
57544 57565 277
57569 57610 221
57582 57630 166
57592 57630 96
57600 57630 164
57605 57610 160
57614 57629 22
57638 57640 251
57646 57662 173
57656 57684 61
57664 57676 288
57679 57685 10
57704 57716 122
57712 57740 83
57733 57755 124
57759 57775 225
57788 57827 232
57791 57797 151
57793 57797 143
57810 57838 106
57816 57826 177
57827 57851 37
57848 57860 258
57849 57880 141
57853 57891 218
57876 57895 217
57899 57910 146
57910 57956 6
57922 57929 158
57933 57963 288
57954 57977 57
57975 58000 52
57988 57993 124
57995 58006 210
58001 58032 207
58022 58070 98
58036 58063 17
58059 58091 180
58078 58119 199
58108 58149 14
58120 58152 28
58130 58167 269
58134 58160 104
58153 58183 150
58157 58201 90
58184 58211 43
58203 58215 201
58219 58266 235
58235 58279 27
58265 58300 68
58269 58287 139
58272 58322 9
58277 58320 131
58303 58304 18
58328 58335 152
58358 58376 165
58378 58418 156
58387 58400 115
58417 58437 179
58425 58475 83
58442 58444 161
58464 58492 257
58487 58492 203
58513 58546 48
58518 58539 87
58546 58581 268
58564 58602 289
58580 58594 190
58585 58601 2
58602 58637 47
58629 58638 62
58659 58695 146
58685 58708 185
58700 58709 252
58717 58742 7
58741 58784 199
58750 58785 244
58774 58793 172
58793 58836 272
58794 58813 192
58820 58847 184
58841 58855 155
58849 58880 107
58855 58863 241
58876 58878 279
58876 58887 231
58884 58924 7
58895 58921 161
58917 58921 155
58926 58963 265
58948 58989 202
58966 58989 125
58982 59011 242
58997 59007 172
59000 59016 291
59004 59038 257
59025 59033 38
59033 59075 26
59056 59095 79
59086 59116 95
59088 59137 120
59093 59109 129
59096 59136 138
59099 59102 212
59100 59136 123
59125 59140 283
59144 59158 274
59173 59183 271
59190 59199 283
59192 59206 256
59221 59243 276
59228 59250 84
59246 59263 164
59276 59313 272
59277 59301 266
59292 59317 187
59313 59315 187
59313 59339 172
59325 59372 265
59353 59379 5
59369 59410 276
59380 59423 143
59389 59402 260
59414 59426 276
59425 59451 150
59454 59484 268
59477 59486 276
59503 59531 121
59519 59556 203
59519 59545 293
59547 59552 299
59548 59584 137
59563 59582 3
59568 59569 187
59571 59586 76
59588 59636 139
59591 59593 50
59610 59650 258
59623 59668 115
59634 59647 7
59649 59680 272
59651 59670 17
59672 59709 5
59701 59738 124
59725 59767 83
59753 59802 153
59754 59761 265
59767 59802 55
59773 59799 158
59799 59836 153
59801 59810 104
59811 59830 75
59820 59846 205
59843 59880 76
59856 59877 95
59872 59911 121
59893 59898 270
59894 59918 15
59899 59948 124
59924 59957 42
59933 59961 115
59960 59979 109
59985 59991 279
59991 60039 95
59999 60001 273
60014 60034 64
60031 60043 60
60046 60049 23
60067 60095 226
60083 60118 298
60113 60155 102
60121 60170 26
60148 60198 153
60154 60182 288
60175 60196 189
60177 60208 269
60192 60194 51
60207 60236 193
60214 60229 176
60240 60268 145
60261 60287 169
60279 60305 14
60308 60346 61
60317 60332 40
60339 60381 248
60366 60396 67
60376 60403 50
60382 60390 156
60383 60395 218
60395 60442 276
60414 60452 79
60439 60468 20
60453 60467 115
60483 60509 9
60491 60522 221
60509 60559 295
60537 60563 50
60537 60568 222
60540 60575 110
60548 60588 86
60551 60586 112
60581 60591 237
60581 60614 180
60599 60626 268
60601 60647 252
60606 60627 89
60608 60645 115
60635 60669 76
60648 60662 7
60674 60714 264
60700 60705 122
60723 60740 90
60723 60769 219
60745 60762 141
60760 60762 182
60774 60815 72
60796 60838 205
60796 60832 55
60808 60841 54
60822 60859 214
60842 60875 73
60847 60859 171
60869 60891 111
60878 60905 264
60904 60912 222
60906 60911 255
60912 60913 96
60927 60948 135
60936 60959 122
60936 60974 77
60959 60974 297
60974 61015 142
60994 61031 194
61010 61058 192
61031 61045 137
61041 61075 270
61059 61087 25
61076 61107 258
61096 61100 74
61107 61122 204
61119 61125 194
61149 61198 271
61178 61187 220
61191 61223 177
61202 61218 11
61216 61264 222
61239 61244 230
61264 61298 103
61285 61307 140
61308 61314 171
61330 61339 239
61340 61372 119
61349 61363 124
61358 61393 168
61376 61406 39
61390 61416 134
61404 61415 240
61434 61443 82
61458 61474 13
61462 61506 189
61488 61534 141
61518 61531 5
61536 61539 123
61545 61563 116
61556 61564 36
61572 61590 167
61596 61627 271
61602 61644 8
61612 61651 136
61624 61633 269
61646 61651 71
61660 61662 242
61671 61712 286
61689 61719 49
61693 61743 175
61710 61726 189
61736 61761 160
61738 61754 132
61749 61773 15
61768 61805 186
61788 61790 192
61793 61823 29
61810 61834 79
61815 61856 208
61818 61868 256
61843 61890 11
61866 61909 67
61870 61900 94
61884 61896 80
61912 61928 134
61931 61955 284
61951 61971 15
61958 61977 167
61962 61977 99
61986 62007 250
62012 62061 227
62042 62092 116
62057 62107 93
62072 62078 71
62086 62108 138
62104 62149 25
62104 62143 83
62106 62140 138
62115 62135 208
62136 62160 262
62150 62198 80
62176 62212 74
62192 62203 236
62214 62219 187
62230 62237 162
62237 62270 67
62248 62265 107
62252 62296 109
62275 62316 159
62286 62299 193
62304 62354 178
62329 62361 8
62342 62343 252
62346 62370 240
62368 62395 211
62375 62413 85
62377 62422 300
62379 62412 52
62382 62390 213
62383 62399 78
62398 62427 42
62426 62470 161
62443 62445 8
62451 62462 241
62481 62528 171
62498 62548 102
62500 62523 60
62526 62567 57
62540 62541 144
62551 62570 216
62579 62624 123
62599 62617 246
62606 62644 72
62608 62647 115
62624 62660 100
62644 62652 244
62651 62669 97
62680 62683 224
62687 62719 117
62707 62754 217
62735 62781 151
62737 62747 225
62758 62797 294
62770 62805 97
62780 62814 180
62787 62794 131
62810 62859 71
62826 62829 145
62853 62872 92
62870 62880 34
62894 62930 187
62917 62965 288
62924 62965 217
62927 62939 255
62948 62984 98
62973 63023 289
62979 63021 238
62985 63000 33
63013 63037 49
63020 63055 95
63031 63061 292
63054 63098 98
63067 63088 178
63070 63110 169
63074 63096 67
63074 63123 209
63097 63117 67
63102 63105 194
63113 63129 41
63126 63152 194
63140 63162 164
63165 63214 141
63185 63188 148
63199 63210 209
63226 63240 58
63235 63251 52
63258 63275 212
63269 63319 258
63290 63340 172
63291 63304 149
63292 63301 186
63296 63300 157
63319 63358 283
63347 63368 253
63367 63409 247
63387 63424 39
63402 63438 104
63411 63423 102
63412 63426 30
63434 63459 202
63443 63486 264
63464 63512 276
63472 63489 123
63473 63513 36
63483 63525 111
63485 63495 53
63496 63512 28
63525 63529 247
63532 63544 271
63539 63562 9
63554 63593 13
63573 63580 147
63596 63609 65
63607 63640 255
63624 63635 239
63640 63646 234
63668 63693 56
63675 63698 217
63700 63703 31
63706 63728 63
63707 63728 280
63718 63733 250
63724 63752 82
63733 63780 93
63741 63772 242
63759 63778 84
63787 63814 201
63802 63806 195
63820 63852 239
63825 63838 279
63855 63904 85
63873 63897 96
63900 63910 152
63903 63911 245
63914 63937 8
63939 63944 227
63948 63956 285
63966 64010 182
63969 63993 32
63980 63983 152
64006 64033 209
64035 64076 228
64045 64070 194
64070 64077 175
64087 64104 272
64107 64148 129
64110 64128 234
64120 64163 103
64121 64170 268
64148 64154 166
64164 64176 139
64182 64206 296
64183 64223 35
64212 64226 227
64235 64261 209
64263 64282 237
64289 64302 7
64312 64360 16
64324 64371 154
64329 64333 150
64351 64387 168
64375 64393 265
64390 64423 222
64407 64453 286
64416 64430 124
64419 64440 53
64441 64451 250
64454 64479 113
64458 64469 214
64462 64501 116
64492 64514 273
64514 64564 193
64515 64553 102
64543 64568 229
64548 64573 93
64553 64574 25
64573 64609 192
64575 64623 257
64604 64616 254
64620 64651 188
64640 64656 14
64643 64646 165
64647 64692 7
64662 64678 65
64683 64690 228
64703 64749 174
64721 64740 247
64745 64765 173
64753 64772 131
64753 64798 160
64773 64803 33
64798 64812 251
64813 64815 173
64836 64886 185
64837 64868 279
64857 64896 255
64872 64898 83
64873 64880 149
64882 64888 271
64890 64919 28
64917 64934 259
64941 64967 53
64957 64988 262
64965 64982 214
64976 65026 147
65002 65031 200
65030 65046 24
65040 65065 171
65048 65081 134
65071 65099 24
65087 65132 100
65106 65131 66
65114 65140 227
65115 65120 226
65133 65160 204
65141 65152 130
65168 65181 271
65172 65217 298
65198 65211 220
65207 65216 33
65209 65237 94
65232 65254 24
65251 65287 215
65280 65307 13
65304 65339 247
65304 65347 14
65305 65326 76
65308 65325 73
65333 65370 23
65363 65383 161
65378 65394 117
65379 65403 19
65395 65427 62
65404 65419 202
65421 65456 75
65429 65448 242
65439 65486 120
65445 65493 9
65467 65470 7
65489 65538 250
65499 65529 29
65514 65558 51
65525 65550 143
65532 65581 273
65548 65579 23
65566 65575 100
65587 65589 192
65596 65632 227
65619 65664 263
65649 65684 40
65664 65680 78
65685 65725 106
65688 65723 72
65707 65735 213
65731 65737 69
65747 65748 241
65775 65781 85
65796 65823 196
65807 65815 184
65830 65876 181
65840 65862 1
65840 65858 84
65846 65877 188
65857 65907 263
65865 65895 144
65880 65900 279
65892 65922 45
65920 65932 240
65950 65979 153
65973 65986 226
65975 65985 39
65989 66006 278
65998 66024 181
66019 66059 207
66030 66065 28
66045 66093 29
66055 66086 30
66084 66112 270
66095 66126 213
66096 66116 297
66126 66143 274
66131 66169 124
66137 66178 224
66147 66177 272
66169 66174 261
66179 66229 3
66201 66236 67
66208 66241 180
66212 66237 155
66239 66288 142
66255 66301 188
66261 66286 295
66291 66316 195
66308 66340 165
66316 66341 213
66331 66366 187
66346 66396 120
66359 66372 285
66384 66388 131
66411 66416 92
66414 66463 151
66443 66489 157
66450 66459 296
66475 66511 232
66475 66507 273
66476 66514 78
66504 66539 57
66522 66543 82
66529 66557 256
66557 66578 169
66573 66578 193
66590 66593 222
66594 66617 123
66596 66601 191
66626 66657 10
66645 66683 37
66646 66675 68
66652 66685 220
66668 66670 88
66673 66723 142
66675 66701 139
66679 66719 209
66705 66725 134
66732 66756 187
66754 66777 173
66762 66790 187
66781 66792 124
66783 66800 186
66799 66839 206
66800 66821 151
66800 66844 51
66829 66854 62
66848 66854 282
66872 66887 49
66887 66925 112
66887 66898 259
66901 66942 174
66916 66955 5
66942 66992 4
66948 66960 161
66949 66958 153
66969 66988 4
66989 67028 266
67019 67057 292
67046 67070 137
67058 67102 26
67066 67107 109
67082 67132 26
67091 67104 63
67097 67131 168
67108 67145 33
67132 67162 44
67161 67168 270
67191 67227 75
67193 67242 196
67197 67226 84
67214 67251 112
67243 67279 76
67253 67283 155
67255 67294 293
67285 67322 156
67303 67307 33
67304 67324 89
67323 67344 66
67351 67378 147
67351 67364 45
67380 67414 74
67400 67411 276
67430 67462 120
67450 67476 245
67451 67478 109
67474 67492 259
67492 67533 165
67511 67553 121
67524 67562 240
67543 67591 257
67570 67572 66
67590 67625 47
67615 67646 224
67640 67649 96
67640 67648 61
67657 67703 183
67662 67663 104
67664 67695 61
67677 67705 14
67685 67713 141
67711 67717 186
67714 67717 248
67719 67728 254
67749 67759 223
67749 67760 273
67758 67785 164
67761 67788 255
67789 67823 223
67800 67831 169
67808 67834 42
67811 67828 104
67817 67863 217
67818 67820 137
67846 67895 210
67874 67884 203
67882 67897 23
67902 67941 120
67920 67933 193
67948 67980 293
67963 67997 211
67991 68025 299
68003 68044 127
68015 68021 65
68042 68083 288
68058 68081 232
68070 68079 145
68092 68118 174
68104 68139 261
68126 68157 172
68136 68140 179
68159 68167 5
68162 68170 9
68191 68229 219
68202 68204 264
68223 68250 61
68227 68260 145
68242 68261 217
68243 68265 196
68265 68298 168
68266 68275 180
68276 68296 265
68293 68337 163
68306 68339 260
68318 68361 121
68343 68350 198
68350 68390 73
68374 68381 251
68375 68411 297
68399 68437 237
68405 68438 41
68406 68444 43
68420 68466 212
68444 68454 216
68468 68511 160
68495 68519 69
68498 68502 186
68508 68522 160
68530 68558 84
68530 68574 292
68545 68570 289
68574 68604 58
68595 68637 66
68599 68612 209
68628 68675 280
68653 68682 181
68668 68671 51
68670 68704 13
68674 68723 213
68684 68714 207
68684 68704 205
68704 68709 124
68705 68753 233
68713 68721 154
68718 68741 176
68720 68768 113
68733 68752 178
68762 68777 89
68763 68775 45
68789 68818 140
68817 68851 286
68819 68841 55
68832 68867 68
68833 68874 127
68838 68863 55
68860 68873 150
68878 68880 143
68893 68921 21
68914 68959 227
68918 68932 61
68918 68963 253
68939 68980 158
68958 68971 271
68972 68996 289
68978 68984 279
68989 68999 66
68997 69014 281
68998 69013 114
68998 69043 176
69006 69038 112
69012 69015 205
69041 69088 53
69052 69067 87
69066 69107 82
69077 69088 174
69088 69104 250
69114 69155 6
69119 69144 109
69135 69160 7
69151 69153 86
69163 69207 171
69170 69185 24
69190 69212 11
69212 69257 263
69226 69272 155
69252 69299 274
69263 69270 164
69268 69296 196
69296 69303 300
69299 69315 261
69305 69309 265
69314 69337 68
69323 69369 70
69336 69368 295
69347 69367 283
69370 69403 111
69389 69414 208
69392 69419 7
69392 69418 19
69415 69419 298
69416 69451 36
69438 69453 73
69448 69454 70
69453 69496 190
69483 69484 196
69485 69521 55
69499 69528 31
69514 69527 154
69526 69535 291
69552 69570 139
69582 69621 283
69606 69615 1
69612 69653 193
69621 69667 37
69649 69656 228
69673 69722 218
69694 69738 151
69721 69740 230
69725 69769 252
69726 69745 136
69737 69772 170
69765 69791 63
69780 69821 115
69785 69790 146
69787 69804 118
69814 69863 207
69832 69871 230
69856 69859 182
69856 69869 252
69878 69923 82
69893 69926 23
69909 69930 21
69931 69949 71
69958 69959 126
69967 70011 178
69971 69984 54
70000 70037 51
70010 70059 190
70016 70040 140
70018 70045 247
70046 70049 260
70066 70076 210
70093 70139 234
70100 70150 280
70117 70120 28
70137 70175 121
70167 70184 45
70197 70198 183
70217 70240 284
70232 70265 142
70233 70252 24
70242 70255 145
70271 70273 54
70284 70308 96
70303 70318 163
70327 70335 137
70345 70390 49
70359 70377 67
70388 70433 273
70393 70414 243
70410 70423 193
70429 70459 69
70450 70472 202
70471 70494 166
70478 70523 114
70504 70544 97
70507 70524 134
70511 70538 68
70513 70538 273
70533 70552 243
70544 70581 97
70553 70601 87
70561 70606 149
70585 70628 9
70609 70647 62
70633 70671 135
70659 70706 247
70679 70692 223
70692 70710 32
70711 70747 10
70715 70718 294
70734 70783 6
70739 70744 258
70756 70798 221
70772 70804 289
70785 70800 202
70814 70817 34
70827 70828 107
70830 70835 269
70837 70887 121
70849 70888 220
70856 70857 22
70879 70928 72
70901 70947 263
70917 70918 224
70936 70959 91
70942 70958 16
70970 70988 234
70970 70971 89
71000 71044 90
71011 71012 125
71020 71027 26
71037 71082 34
71054 71075 295
71078 71088 28
71078 71079 37
71084 71121 213
71090 71100 91
71111 71156 19
71132 71137 188
71147 71178 95
71150 71182 21
71178 71184 151
71197 71241 297
71202 71224 74
71209 71247 39
71211 71231 19
71232 71277 203
71248 71262 23
71277 71284 156
71294 71312 168
71314 71332 105
71333 71347 244
71334 71348 16
71345 71371 157
71350 71370 217
71377 71403 291
71384 71404 73
71384 71410 255
71401 71403 48
71401 71413 101
71420 71428 119
71448 71479 295
71475 71498 4
71492 71529 139
71512 71554 255
71540 71567 10
71553 71560 244
71577 71581 201
71601 71647 57
71627 71650 256
71627 71648 2
71632 71650 219
71660 71710 97
71663 71695 70
71678 71706 54
71678 71722 201
71699 71723 195
71725 71752 86
71736 71770 138
71737 71783 35
71753 71801 164
71776 71784 41
71802 71838 92
71824 71832 91
71851 71890 53
71870 71903 49
71889 71918 55
71909 71937 146
71918 71959 223
71948 71985 257
71963 71998 201
71982 71995 52
72005 72008 292
72013 72019 140
72036 72073 39
72060 72104 91
72066 72073 159
72077 72081 10
72102 72139 119
72109 72111 282
72119 72159 220
72148 72159 232
72163 72200 217
72168 72195 52
72196 72240 101
72214 72243 176
72235 72284 276
72254 72256 20
72275 72284 161
72281 72325 214
72289 72339 86
72311 72350 207
72331 72375 206
72348 72349 52
72364 72385 55
72386 72417 181
72392 72426 298
72405 72419 153
72415 72452 287
72418 72447 280
72434 72452 102
72464 72466 173
72490 72498 153
72492 72536 19
72508 72530 104
72516 72544 234
72540 72581 155
72550 72554 265
72555 72601 24
72575 72606 137
72603 72618 242
72621 72624 268
72630 72652 264
72647 72680 63
72649 72661 239
72678 72713 256
72704 72743 22
72714 72740 125
72728 72753 287
72753 72769 8
72758 72802 75
72784 72786 145
72795 72834 196
72811 72836 65
72823 72871 103
72835 72866 109
72844 72887 142
72862 72873 33
72868 72869 179
72898 72922 89
72927 72952 272
72927 72945 78
72947 72994 104
72976 73011 213
72980 73020 81
73005 73020 298
73013 73038 43
73020 73062 13
73038 73046 124
73041 73054 96
73047 73090 88
73049 73057 37
73075 73092 120
73091 73108 186
73105 73119 134
73125 73142 71
73138 73174 118
73156 73179 296
73186 73200 266
73207 73253 179
73222 73248 7
73223 73254 72
73228 73231 184
73243 73281 82
73256 73292 237
73265 73295 292
73273 73302 75
73286 73317 65
73313 73358 135
73321 73338 211
73322 73368 238
73336 73374 26
73357 73373 59
73364 73375 248
73386 73390 47
73413 73425 59
73429 73479 110
73443 73468 107
73445 73469 186
73449 73471 57
73453 73482 44
73478 73506 7
73504 73540 139
73514 73518 51
73532 73573 22
73560 73575 154
73587 73605 246
73589 73626 52
73606 73629 170
73629 73640 189
73649 73659 160
73670 73677 231
73688 73715 235
73692 73695 255
73701 73737 117
73718 73722 202
73737 73761 56
73743 73766 11
73772 73818 26
73784 73804 192
73807 73851 159
73827 73874 17
73850 73891 54
73868 73898 63
73869 73903 212
73891 73919 271
73901 73945 121
73920 73926 67
73943 73957 245
73959 73975 20
73979 74020 237
73991 73993 36
74013 74045 200
74025 74057 20
74055 74079 53
74076 74122 69
74099 74112 113
74120 74164 18
74130 74153 269
74151 74153 287
74181 74225 159
74195 74221 34
74212 74243 191
74215 74233 23
74235 74263 197
74257 74279 294
74273 74293 24
74281 74292 294
74298 74314 237
74305 74334 274
74305 74334 160
74335 74353 56
74360 74364 10
74369 74394 172
74394 74422 298
74424 74450 290
74427 74471 154
74431 74472 66
74433 74451 172
74453 74474 198
74480 74485 160
74482 74530 146
74492 74519 169
74504 74516 20
74506 74548 220
74527 74571 298
74541 74565 271
74561 74590 258
74586 74621 101
74598 74629 85
74610 74621 234
74617 74646 157
74642 74676 7
74648 74658 210
74668 74714 213
74684 74694 117
74706 74727 122
74727 74746 118
74729 74739 90
74730 74757 197
